1	-89
1	-88
1	-87
1	-85
1	-54
1	-53
1	-52
1	-40
1	-39
1	-38
1	12
1	13
1	14
1	15
1	16
1	17
1	18
1	19
1	20
1	21
1	22
1	62
2	-89
2	-88
2	-87
2	-86
2	-85
2	-83
2	-57
2	-53
2	-52
2	-40
2	-39
2	-38
2	14
2	15
2	16
2	17
2	18
2	19
2	20
2	21
2	22
2	49
2	50
2	51
2	60
3	-89
3	-88
3	-87
3	-86
3	-84
3	-53
3	-52
3	-40
3	-39
3	-38
3	12
3	14
3	15
3	16
3	17
3	18
3	19
3	20
3	21
3	23
3	33
3	47
3	49
3	57
4	-89
4	-88
4	-87
4	-85
4	-60
4	-52
4	-38
4	-25
4	9
4	10
4	12
4	14
4	15
4	16
4	17
4	18
4	19
4	20
4	21
4	22
4	23
4	32
4	68
5	-89
5	-88
5	-87
5	-86
5	-85
5	-84
5	-39
5	-26
5	-25
5	-14
5	2
5	3
5	4
5	5
5	6
5	7
5	8
5	9
5	13
5	14
5	15
5	16
5	17
5	18
5	19
5	20
5	21
5	22
5	23
5	32
5	53
5	68
5	72
6	-89
6	-88
6	-87
6	-86
6	-85
6	-84
6	-83
6	-82
6	-81
6	-53
6	-1
6	2
6	3
6	4
6	5
6	6
6	7
6	8
6	9
6	13
6	14
6	15
6	16
6	17
6	18
6	19
6	20
6	21
6	22
6	44
6	67
6	68
7	-89
7	-88
7	-87
7	-86
7	-53
7	-25
7	-3
7	3
7	4
7	5
7	6
7	7
7	8
7	9
7	10
7	12
7	13
7	14
7	15
7	16
7	17
7	18
7	19
7	20
7	21
7	22
7	68
8	-89
8	-88
8	-87
8	-86
8	-85
8	-25
8	-5
8	-4
8	3
8	4
8	5
8	11
8	13
8	14
8	15
8	16
8	17
8	18
8	19
8	20
8	21
8	67
8	81
9	-89
9	-88
9	-87
9	-86
9	-85
9	-84
9	-53
9	-38
9	-6
9	-5
9	14
9	15
9	16
9	17
9	18
9	19
10	-89
10	-88
10	-87
10	-86
10	-85
10	-84
10	14
10	16
10	17
10	18
10	81
11	-89
11	-88
11	-87
11	-86
11	-85
11	-84
11	-83
11	-38
11	15
11	16
11	17
11	52
12	-89
12	-88
12	-87
12	-86
12	-85
12	-84
12	-52
12	-41
12	-40
12	-39
12	-38
12	15
12	16
12	50
12	51
12	52
12	60
13	-89
13	-88
13	-87
13	-86
13	-85
13	-84
13	-42
13	-40
13	-39
13	-38
13	50
13	51
13	52
13	53
13	81
13	82
13	84
14	-89
14	-88
14	-87
14	-86
14	-85
14	-84
14	-83
14	-82
14	-65
14	-64
14	-41
14	-40
14	-39
14	-38
14	15
14	50
14	51
14	52
14	53
14	65
15	-89
15	-88
15	-87
15	-86
15	-85
15	-84
15	-83
15	-82
15	-64
15	-63
15	-40
15	-38
15	14
15	15
15	45
15	46
15	47
15	48
15	49
15	50
15	51
15	52
15	53
15	82
16	-89
16	-88
16	-87
16	-86
16	-85
16	-84
16	-83
16	-82
16	-51
16	44
16	45
16	46
16	47
16	48
16	49
16	50
16	51
16	52
17	-89
17	-88
17	-87
17	-86
17	-85
17	-84
17	-27
17	-18
17	-17
17	-15
17	45
17	46
17	47
17	48
17	49
17	50
17	51
17	52
18	-89
18	-88
18	-87
18	-86
18	-85
18	-84
18	-83
18	-63
18	-29
18	-28
18	-27
18	-26
18	-20
18	-15
18	46
18	47
18	48
18	49
18	50
18	51
19	-89
19	-88
19	-87
19	-86
19	-85
19	-84
19	-83
19	-60
19	-33
19	-32
19	-31
19	-30
19	-29
19	-28
19	-27
19	2
19	3
19	11
19	47
19	48
19	49
19	50
19	51
20	-89
20	-88
20	-87
20	-86
20	-85
20	-84
20	-83
20	-58
20	-37
20	-36
20	-33
20	0
20	1
20	2
20	48
20	49
20	51
20	64
20	82
21	-89
21	-88
21	-87
21	-86
21	-85
21	-84
21	-83
21	-61
21	1
21	64
21	81
21	84
22	-89
22	-88
22	-87
22	-86
22	-85
22	-84
22	-83
22	-66
22	-60
22	-37
22	-36
22	-35
22	53
22	59
22	64
22	81
22	82
23	-89
23	-88
23	-87
23	-86
23	-85
23	-84
23	-83
23	-59
23	-37
23	-36
23	-35
23	1
23	59
23	63
23	64
23	65
23	81
24	-89
24	-88
24	-87
24	-86
24	-85
24	-84
24	-83
24	-61
24	-37
24	-36
24	24
24	36
24	59
24	60
24	63
24	64
24	65
25	-89
25	-88
25	-87
25	-86
25	-85
25	-84
25	-83
25	-61
25	-60
25	-37
25	-36
25	20
25	25
25	60
25	62
25	63
25	64
25	65
25	69
25	70
26	-89
26	-88
26	-87
26	-86
26	-85
26	-84
26	-83
26	-59
26	-39
26	-38
26	-37
26	-36
26	-33
26	18
26	57
26	58
26	59
26	60
26	61
26	62
26	63
26	64
26	65
26	66
26	67
26	68
26	69
26	70
26	80
27	-89
27	-88
27	-87
27	-86
27	-85
27	-84
27	-83
27	-63
27	-62
27	-61
27	-60
27	-48
27	-39
27	-38
27	-37
27	-34
27	-33
27	18
27	57
27	58
27	59
27	60
27	61
27	62
27	63
27	64
27	65
27	66
27	67
27	68
27	69
27	70
27	80
28	-89
28	-88
28	-87
28	-86
28	-85
28	-84
28	-83
28	-62
28	-59
28	-49
28	-48
28	-40
28	-39
28	-38
28	-37
28	-34
28	-33
28	-18
28	-12
28	12
28	13
28	14
28	60
28	61
28	62
28	63
28	64
28	65
28	66
28	67
28	68
28	69
28	79
29	-89
29	-88
29	-87
29	-86
29	-85
29	-84
29	-83
29	-62
29	-61
29	-57
29	-55
29	-49
29	-48
29	-47
29	-42
29	-41
29	-40
29	-39
29	-38
29	-11
29	-10
29	10
29	11
29	12
29	14
29	15
29	16
29	58
29	59
29	60
29	61
29	62
29	63
29	64
29	65
29	66
29	67
29	68
29	69
29	79
29	80
29	81
29	82
30	-89
30	-88
30	-87
30	-86
30	-85
30	-84
30	-83
30	-61
30	-60
30	-59
30	-58
30	-57
30	-49
30	-48
30	-47
30	-41
30	-40
30	-39
30	-38
30	-17
30	-15
30	-14
30	-12
30	-11
30	-10
30	14
30	59
30	60
30	61
30	62
30	63
30	64
30	65
30	66
30	67
30	68
30	69
30	78
30	79
31	-89
31	-88
31	-87
31	-86
31	-85
31	-84
31	-83
31	-59
31	-49
31	-48
31	-47
31	-46
31	-42
31	-40
31	-14
31	-13
31	-11
31	-10
31	-9
31	15
31	17
31	59
31	60
31	61
31	62
31	63
31	64
31	65
31	66
31	67
31	68
31	69
31	79
31	80
31	81
31	83
32	-89
32	-88
32	-87
32	-86
32	-85
32	-84
32	-83
32	-60
32	-49
32	-48
32	-47
32	-46
32	-43
32	-42
32	-41
32	-9
32	59
32	60
32	61
32	62
32	63
32	64
32	65
32	67
32	68
32	69
32	79
32	80
32	81
32	82
33	-89
33	-88
33	-87
33	-86
33	-85
33	-84
33	-83
33	-57
33	-48
33	-47
33	-46
33	-45
33	58
33	59
33	60
33	61
33	62
33	63
33	64
33	65
33	68
33	69
33	77
33	78
33	79
33	80
33	81
34	-89
34	-88
34	-87
34	-86
34	-85
34	-84
34	-83
34	-49
34	-48
34	-47
34	-46
34	-45
34	-44
34	-16
34	3
34	29
34	60
34	61
34	62
34	63
34	64
34	65
34	69
34	79
34	80
34	83
34	84
34	85
34	86
34	87
35	-89
35	-88
35	-87
35	-86
35	-85
35	-84
35	-83
35	-55
35	-49
35	-48
35	-47
35	-46
35	-45
35	27
35	29
35	30
35	52
35	60
35	61
35	62
35	63
35	64
35	65
35	78
35	79
35	80
35	81
36	-89
36	-88
36	-87
36	-86
36	-85
36	-84
36	-83
36	-66
36	-57
36	-56
36	-55
36	-53
36	-49
36	-48
36	-47
36	-46
36	-45
36	-21
36	5
36	13
36	15
36	16
36	18
36	29
36	59
36	61
36	62
36	63
36	64
36	76
36	77
36	78
36	79
36	80
37	-89
37	-88
37	-87
37	-86
37	-85
37	-84
37	-83
37	-57
37	-56
37	-49
37	-48
37	-47
37	-46
37	-22
37	-21
37	4
37	5
37	6
37	15
37	16
37	17
37	21
37	61
37	62
37	63
37	64
37	79
37	81
37	82
38	-89
38	-88
38	-87
38	-86
38	-85
38	-84
38	-83
38	-82
38	-67
38	-56
38	-20
38	-17
38	5
38	6
38	7
38	13
38	16
38	17
38	18
38	19
38	61
38	62
38	63
38	64
38	79
38	80
39	-89
39	-88
39	-87
39	-86
39	-85
39	-84
39	-83
39	-21
39	5
39	6
39	7
39	10
39	11
39	12
39	18
39	53
39	61
39	62
39	63
39	79
39	80
39	81
39	82
40	-89
40	-88
40	-87
40	-86
40	-85
40	-84
40	-83
40	-56
40	-50
40	-49
40	-46
40	-7
40	-6
40	5
40	6
40	7
40	8
40	9
40	10
40	11
40	12
40	62
40	63
40	77
40	78
40	79
41	-89
41	-88
41	-87
41	-86
41	-85
41	-84
41	-83
41	-58
41	-57
41	-56
41	-55
41	-51
41	-49
41	-48
41	-47
41	-9
41	-8
41	-7
41	-6
41	-5
41	-3
41	6
41	7
41	8
41	9
41	10
41	11
41	12
41	14
41	21
41	52
41	53
41	63
41	64
41	80
41	81
41	82
41	83
42	-89
42	-88
42	-87
42	-86
42	-85
42	-84
42	-59
42	-58
42	-57
42	-56
42	7
42	8
42	9
42	10
42	11
42	12
42	14
42	44
42	64
42	80
42	81
43	-89
43	-88
43	-87
43	-86
43	-85
43	-84
43	-59
43	-58
43	-57
43	-27
43	-26
43	-25
43	-24
43	-3
43	10
43	11
43	12
43	80
43	81
43	82
43	83
43	84
43	85
44	-89
44	-88
44	-87
44	-86
44	-85
44	-84
44	-59
44	-58
44	-57
44	-56
44	1
44	12
44	34
44	35
44	36
44	52
44	57
44	80
44	81
45	-89
45	-88
45	-87
45	-86
45	-85
45	-84
45	-58
45	-57
45	-56
45	-55
45	-54
45	-47
45	-46
45	-45
45	-43
45	-16
45	-1
45	0
45	1
45	12
45	13
45	14
45	33
45	34
45	35
45	36
45	37
45	43
45	79
45	80
45	81
45	82
45	83
46	-89
46	-88
46	-87
46	-86
46	-85
46	-84
46	-60
46	-58
46	-57
46	-56
46	-55
46	-54
46	-53
46	-52
46	-50
46	-48
46	-47
46	-43
46	-3
46	-2
46	-1
46	12
46	14
46	32
46	33
46	34
46	35
46	36
46	43
46	80
46	81
47	-89
47	-88
47	-87
47	-86
47	-85
47	-84
47	-56
47	-55
47	-54
47	-53
47	-49
47	-48
47	-47
47	-46
47	-38
47	-15
47	0
47	1
47	14
47	34
47	35
47	36
47	40
47	67
47	69
47	81
47	82
48	-89
48	-88
48	-87
48	-86
48	-85
48	-84
48	-57
48	-56
48	-55
48	-54
48	-53
48	-52
48	-51
48	-50
48	-49
48	-48
48	12
48	39
48	40
48	81
49	-89
49	-88
49	-87
49	-86
49	-85
49	-84
49	-58
49	-55
49	-54
49	-53
49	-52
49	-51
49	-50
49	-49
49	-48
49	-17
49	-16
49	37
49	38
49	39
49	40
49	68
50	-89
50	-88
50	-87
50	-86
50	-85
50	-84
50	-67
50	-59
50	-57
50	-56
50	-55
50	-54
50	-53
50	-52
50	-51
50	-50
50	-49
50	-15
50	-14
50	38
50	39
50	40
50	41
50	55
50	81
50	84
50	85
50	87
51	-89
51	-88
51	-87
51	-86
51	-85
51	-84
51	-67
51	-66
51	-65
51	-55
51	-54
51	-53
51	-52
51	-51
51	-50
51	-49
51	-48
51	-17
51	-16
51	-15
51	38
51	40
51	58
51	79
51	81
51	82
52	-89
52	-88
52	-87
52	-86
52	-85
52	-84
52	-58
52	-55
52	-52
52	-51
52	-50
52	-49
52	-17
52	-16
52	38
52	39
52	81
52	82
53	-89
53	-88
53	-87
53	-86
53	-85
53	-84
53	-68
53	-51
53	-50
53	-49
53	-48
53	-40
53	38
53	39
53	55
54	-89
54	-88
54	-87
54	-86
54	-85
54	-84
54	-83
54	-69
54	-58
54	-55
54	-50
54	5
54	54
54	55
54	56
54	68
54	81
54	82
55	-89
55	-88
55	-87
55	-86
55	-85
55	-84
55	-69
55	-51
55	-50
55	-49
55	-44
55	-28
55	18
55	21
55	22
55	23
55	24
55	81
55	82
55	83
55	84
56	-89
56	-88
56	-87
56	-86
56	-85
56	-84
56	-48
56	18
56	19
56	20
56	21
56	22
56	23
56	24
56	25
56	27
56	52
56	53
56	81
56	82
56	85
56	86
57	-89
57	-88
57	-87
57	-86
57	-85
57	-84
57	-69
57	-49
57	-48
57	-45
57	18
57	19
57	20
57	21
57	22
57	23
57	24
57	25
57	26
57	61
57	81
57	82
58	-89
58	-88
58	-87
58	-86
58	-85
58	-84
58	-56
58	-48
58	-47
58	23
58	45
58	67
58	81
58	82
58	83
58	84
59	-89
59	-88
59	-87
59	-86
59	-85
59	-47
59	19
59	24
59	43
59	44
59	45
59	81
59	83
60	-89
60	-88
60	-87
60	-86
60	-85
60	-69
60	-47
60	18
60	19
60	20
60	21
60	22
60	23
60	24
60	25
60	26
60	81
60	82
60	86
61	-89
61	-88
61	-87
61	-86
61	-85
61	-84
61	-69
61	-28
61	19
61	20
61	21
61	22
61	23
61	24
61	25
61	44
61	55
61	81
61	83
62	-89
62	-88
62	-87
62	-86
62	-85
62	-69
62	-55
62	-37
62	20
62	21
62	22
62	23
62	24
62	25
62	38
62	81
62	82
62	83
63	-89
63	-88
63	-87
63	-86
63	-85
63	-69
63	-56
63	-55
63	-18
63	0
63	1
63	22
63	23
63	24
63	48
63	81
63	82
63	83
63	84
63	85
64	-89
64	-88
64	-87
64	-86
64	-85
64	-66
64	-56
64	-55
64	-19
64	-18
64	-17
64	1
64	12
64	24
64	57
64	58
64	59
64	61
64	81
64	82
64	83
64	84
64	86
65	-89
65	-88
65	-87
65	-86
65	-85
65	-84
65	-69
65	-68
65	-67
65	-56
65	-55
65	-54
65	-21
65	-20
65	-19
65	-18
65	-3
65	1
65	2
65	3
65	9
65	10
65	11
65	12
65	13
65	18
65	24
65	55
65	56
65	58
65	81
65	82
65	84
65	85
66	-89
66	-88
66	-87
66	-86
66	-85
66	-57
66	-56
66	-55
66	-54
66	-47
66	-38
66	-23
66	-18
66	9
66	11
66	12
66	13
66	14
66	23
66	24
66	25
66	43
66	48
66	59
66	81
66	82
66	85
66	86
67	-89
67	-88
67	-87
67	-86
67	-85
67	-57
67	-56
67	-55
67	-54
67	-53
67	-24
67	5
67	9
67	11
67	13
67	14
67	23
67	24
67	25
67	43
67	81
67	82
67	83
67	85
68	-89
68	-88
68	-87
68	-86
68	-85
68	-57
68	-56
68	-55
68	-54
68	-53
68	8
68	9
68	10
68	11
68	22
68	23
68	24
68	25
68	44
68	63
68	80
68	81
68	82
68	84
69	-89
69	-88
69	-87
69	-86
69	-85
69	-72
69	-57
69	-56
69	-55
69	-54
69	-53
69	-52
69	8
69	10
69	11
69	21
69	22
69	23
69	24
69	25
69	26
69	32
69	80
69	81
69	82
69	83
69	84
69	86
70	-89
70	-88
70	-87
70	-86
70	-85
70	-84
70	-58
70	-57
70	-56
70	-55
70	-54
70	-53
70	-52
70	-25
70	-8
70	-7
70	10
70	11
70	17
70	21
70	22
70	23
70	24
70	25
70	26
70	27
70	30
70	31
70	32
70	34
70	80
70	81
70	82
70	83
71	-89
71	-88
71	-87
71	-86
71	-85
71	-84
71	-72
71	-71
71	-59
71	-58
71	-57
71	-56
71	-55
71	-54
71	-53
71	-52
71	-51
71	-25
71	20
71	21
71	22
71	23
71	24
71	25
71	26
71	27
71	28
71	46
71	80
71	81
71	82
71	83
72	-89
72	-88
72	-87
72	-86
72	-85
72	-84
72	-71
72	-61
72	-60
72	-59
72	-58
72	-57
72	-56
72	-55
72	-54
72	-53
72	-52
72	-51
72	-24
72	20
72	21
72	22
72	23
72	24
72	25
72	26
72	27
72	28
72	29
72	80
72	81
72	82
72	83
72	84
73	-89
73	-88
73	-87
73	-86
73	-85
73	-84
73	-83
73	-82
73	-72
73	-61
73	-60
73	-59
73	-58
73	-57
73	-56
73	-55
73	-54
73	-53
73	-52
73	-51
73	-50
73	-27
73	-22
73	-21
73	-19
73	-18
73	11
73	19
73	20
73	21
73	22
73	23
73	24
73	25
73	26
73	27
73	28
73	30
73	80
73	81
73	82
73	83
73	84
73	86
74	-89
74	-88
74	-87
74	-86
74	-85
74	-84
74	-73
74	-61
74	-60
74	-59
74	-58
74	-57
74	-56
74	-55
74	-54
74	-53
74	-52
74	-51
74	-50
74	-28
74	-15
74	20
74	21
74	22
74	23
74	24
74	25
74	26
74	27
74	80
74	81
74	82
74	83
74	84
74	86
75	-89
75	-88
75	-87
75	-86
75	-85
75	-84
75	-82
75	-61
75	-60
75	-59
75	-58
75	-57
75	-56
75	-55
75	-54
75	-53
75	-52
75	-51
75	-50
75	-49
75	-48
75	-47
75	-46
75	-45
75	-44
75	-41
75	-40
75	-30
75	-29
75	-16
75	-15
75	20
75	21
75	22
75	23
75	24
75	25
75	26
75	27
75	28
75	37
75	38
75	39
75	80
75	81
75	82
75	85
76	-89
76	-88
76	-87
76	-86
76	-85
76	-84
76	-83
76	-79
76	-73
76	-61
76	-60
76	-59
76	-58
76	-57
76	-56
76	-55
76	-54
76	-53
76	-52
76	-51
76	-50
76	-48
76	-47
76	-46
76	-45
76	-44
76	-42
76	-41
76	-29
76	-17
76	-16
76	-15
76	21
76	22
76	23
76	24
76	25
76	26
76	27
76	36
76	37
76	38
76	39
76	46
76	80
76	81
76	82
76	83
76	84
76	85
76	87
77	-89
77	-88
77	-87
77	-86
77	-85
77	-84
77	-60
77	-59
77	-58
77	-57
77	-56
77	-55
77	-54
77	-53
77	-52
77	-47
77	-46
77	-45
77	-44
77	-43
77	-42
77	-41
77	-30
77	-28
77	-18
77	-17
77	-16
77	-15
77	14
77	21
77	22
77	23
77	24
77	25
77	26
77	31
77	34
77	36
77	80
77	81
77	82
77	83
77	84
78	-89
78	-88
78	-87
78	-86
78	-85
78	-82
78	-74
78	-72
78	-60
78	-59
78	-58
78	-57
78	-56
78	-55
78	-54
78	-53
78	-52
78	-46
78	-45
78	-44
78	-43
78	-42
78	-18
78	-17
78	-16
78	-15
78	27
78	28
78	29
78	33
78	45
78	80
78	82
78	86
79	-89
79	-88
79	-87
79	-86
79	-85
79	-81
79	-79
79	-74
79	-60
79	-59
79	-58
79	-57
79	-56
79	-55
79	-54
79	-53
79	-45
79	-44
79	-43
79	-42
79	-18
79	-17
79	-16
79	-15
79	5
79	9
79	17
79	28
79	29
79	31
79	32
79	33
79	34
79	36
79	80
79	81
79	83
79	84
79	86
80	-89
80	-88
80	-87
80	-86
80	-85
80	-79
80	-78
80	-76
80	-74
80	-59
80	-58
80	-57
80	-56
80	-55
80	-54
80	-42
80	-18
80	-17
80	-16
80	1
80	2
80	26
80	30
80	32
80	33
80	35
80	36
80	37
80	38
80	45
80	80
80	81
80	82
81	-89
81	-88
81	-87
81	-86
81	-85
81	-81
81	-75
81	-74
81	-59
81	-58
81	-57
81	-56
81	-55
81	-41
81	-28
81	-18
81	-17
81	-16
81	-11
81	1
81	2
81	29
81	30
81	32
81	33
81	34
81	36
81	37
81	38
81	80
81	81
81	82
81	83
82	-89
82	-88
82	-87
82	-86
82	-80
82	-79
82	-78
82	-77
82	-76
82	-75
82	-74
82	-59
82	-58
82	-57
82	-31
82	-30
82	-28
82	-27
82	-26
82	-19
82	-18
82	-17
82	-16
82	-10
82	1
82	2
82	26
82	27
82	30
82	35
82	36
82	37
82	38
82	39
82	80
82	82
82	83
82	85
82	88
83	-89
83	-88
83	-87
83	-86
83	-78
83	-77
83	-76
83	-75
83	-67
83	-28
83	-19
83	-18
83	-17
83	-16
83	-15
83	16
83	26
83	27
83	29
83	30
83	35
83	36
83	37
83	38
83	39
83	80
83	81
83	82
83	83
83	84
83	86
84	-89
84	-88
84	-87
84	-86
84	-80
84	-77
84	-76
84	-75
84	-19
84	-18
84	-17
84	-16
84	-10
84	-1
84	0
84	29
84	36
84	37
84	38
84	80
84	82
84	83
84	84
84	85
85	-89
85	-88
85	-87
85	-86
85	-79
85	-78
85	-77
85	-76
85	-75
85	-74
85	-73
85	-68
85	-28
85	-19
85	-18
85	-17
85	-1
85	0
85	80
86	-89
86	-88
86	-87
86	-86
86	-78
86	-77
86	-76
86	-75
86	-18
86	-2
86	-1
86	0
86	38
86	61
86	80
87	-89
87	-88
87	-87
87	-86
87	-77
87	-76
87	-75
87	-74
87	-34
87	-33
87	-32
87	-31
87	-30
87	-29
87	-5
87	-2
87	-1
87	2
87	60
87	61
87	62
87	63
87	83
87	84
88	-89
88	-88
88	-87
88	-86
88	-76
88	-74
88	-34
88	-33
88	-32
88	-31
88	-30
88	-29
88	-28
88	-27
88	-26
88	-8
88	-1
88	1
88	2
88	60
88	61
88	62
88	63
88	82
88	83
88	84
88	85
88	86
89	-89
89	-88
89	-87
89	-86
89	-76
89	-75
89	-73
89	-71
89	-70
89	-69
89	-67
89	-34
89	-33
89	-32
89	-31
89	-30
89	-29
89	-26
89	-9
89	0
89	1
89	2
89	32
89	59
89	60
89	61
89	62
89	63
89	64
89	80
89	81
89	82
89	87
90	-89
90	-88
90	-87
90	-86
90	-76
90	-75
90	-33
90	-32
90	-31
90	-30
90	-27
90	-26
90	-25
90	-7
90	2
90	18
90	19
90	20
90	21
90	59
90	60
90	61
90	62
90	63
90	64
90	80
90	81
91	-89
91	-88
91	-87
91	-86
91	-76
91	-75
91	-70
91	-68
91	-33
91	-32
91	-31
91	-27
91	18
91	19
91	20
91	21
91	61
91	62
91	63
91	64
92	-89
92	-88
92	-87
92	-86
92	-70
92	-67
92	-60
92	-35
92	-34
92	-33
92	19
92	20
92	21
92	63
92	64
92	80
92	81
92	82
93	-89
93	-88
93	-87
93	-86
93	-76
93	-75
93	-73
93	-70
93	-48
93	-36
93	-35
93	-34
93	-1
93	0
93	1
93	19
93	20
93	34
93	64
93	80
94	-89
94	-88
94	-87
94	-86
94	-76
94	-75
94	-68
94	-36
94	-35
94	-34
94	-1
94	1
94	36
94	37
94	41
94	87
95	-89
95	-88
95	-87
95	-86
95	-76
95	-75
95	-74
95	-37
95	-36
95	-35
95	-10
95	21
95	22
95	23
95	24
95	25
95	26
95	36
95	41
96	-89
96	-88
96	-87
96	-86
96	-76
96	-75
96	-74
96	-68
96	-38
96	-37
96	-36
96	-35
96	-21
96	-10
96	22
96	23
96	24
96	25
96	26
96	35
96	39
96	80
96	81
96	82
97	-89
97	-88
97	-87
97	-86
97	-76
97	-67
97	-39
97	-38
97	-37
97	-36
97	-33
97	-32
97	-31
97	-21
97	-10
97	22
97	23
97	24
97	25
97	26
97	38
97	87
98	-89
98	-88
98	-87
98	-86
98	-77
98	-76
98	-75
98	-67
98	-38
98	-37
98	-36
98	-35
98	-34
98	-33
98	-32
98	-31
98	-22
98	-10
98	-1
98	0
98	23
98	24
98	38
98	80
99	-89
99	-88
99	-87
99	-86
99	-77
99	-76
99	-74
99	-72
99	-67
99	-57
99	-48
99	-47
99	-38
99	-37
99	-36
99	-35
99	-34
99	-33
99	-32
99	-31
99	-30
99	-10
99	-3
99	-2
99	-1
99	86
100	-89
100	-88
100	-87
100	-86
100	-77
100	-68
100	-67
100	-66
100	-57
100	-56
100	-55
100	-48
100	-47
100	-38
100	-37
100	-36
100	-35
100	-34
100	-9
101	-89
101	-88
101	-87
101	-86
101	-66
101	-57
101	-56
101	-55
101	-54
101	-53
101	-52
101	-48
101	-47
101	-38
101	-36
101	-35
101	-34
101	-11
101	-10
101	-9
102	-89
102	-88
102	-87
102	-86
102	-85
102	-67
102	-66
102	-57
102	-56
102	-55
102	-54
102	-53
102	-49
102	-48
102	-47
102	-46
102	-39
102	-38
102	-37
102	-36
102	-35
102	-34
102	-13
102	-12
102	-11
102	-10
102	-9
102	-7
102	-6
102	-3
102	86
103	-89
103	-88
103	-87
103	-86
103	-85
103	-67
103	-57
103	-56
103	-55
103	-54
103	-53
103	-49
103	-48
103	-47
103	-46
103	-40
103	-39
103	-34
103	-18
103	-17
103	-16
103	-13
103	-12
103	-11
103	-10
103	-8
103	-7
104	-89
104	-88
104	-87
104	-86
104	-85
104	-76
104	-72
104	-68
104	-67
104	-57
104	-56
104	-55
104	-54
104	-53
104	-49
104	-48
104	-47
104	-46
104	-44
104	-42
104	-41
104	-40
104	-39
104	-37
104	-36
104	-35
104	-34
104	-22
104	-18
104	-17
104	-16
104	-12
104	-11
104	-10
104	-9
104	-8
105	-89
105	-88
105	-87
105	-86
105	-85
105	-57
105	-56
105	-55
105	-54
105	-53
105	-49
105	-48
105	-47
105	-44
105	-43
105	-42
105	-40
105	-33
105	-32
105	-24
105	-22
105	-18
105	-17
105	-12
105	-11
105	-10
105	-8
105	-7
105	27
106	-89
106	-88
106	-87
106	-86
106	-85
106	-76
106	-68
106	-67
106	-57
106	-56
106	-55
106	-54
106	-53
106	-48
106	-44
106	-43
106	-42
106	-41
106	-40
106	-39
106	-37
106	-35
106	-34
106	-29
106	-24
106	-18
106	-12
106	-11
106	-10
107	-89
107	-88
107	-87
107	-86
107	-85
107	-57
107	-56
107	-55
107	-54
107	-53
107	-44
107	-43
107	-42
107	-41
107	-40
107	-39
107	-38
107	-24
107	-23
107	-22
107	-12
107	-11
107	-10
107	-9
107	5
107	7
108	-89
108	-88
108	-87
108	-86
108	-85
108	-66
108	-65
108	-57
108	-56
108	-55
108	-54
108	-53
108	-44
108	-43
108	-42
108	-41
108	-40
108	-39
108	-38
108	-32
108	-30
108	-28
108	-11
108	-10
108	6
108	12
109	-89
109	-88
109	-87
109	-86
109	-85
109	-69
109	-57
109	-56
109	-44
109	-43
109	-42
109	-41
109	-40
109	-39
109	-32
109	-31
109	-30
109	-28
109	-27
109	-10
109	4
109	35
109	55
109	56
109	57
109	58
109	61
109	62
110	-89
110	-88
110	-87
110	-86
110	-85
110	-69
110	-64
110	-56
110	-51
110	-45
110	-44
110	-43
110	-42
110	-41
110	-40
110	-38
110	-31
110	-30
110	-29
110	-28
110	-27
110	-26
110	-19
110	-17
110	56
110	57
110	58
110	59
111	-89
111	-88
111	-87
111	-86
111	-85
111	-64
111	-63
111	-58
111	-57
111	-45
111	-44
111	-43
111	-42
111	-41
111	-40
111	-39
111	-30
111	-29
111	-28
111	-27
111	-26
111	5
111	44
112	-89
112	-88
112	-87
112	-86
112	-85
112	-46
112	-45
112	-44
112	-43
112	-42
112	-41
112	-30
112	-29
112	-28
112	-26
112	-25
112	-24
112	-23
112	-22
112	1
112	3
112	38
113	-89
113	-88
113	-87
113	-86
113	-85
113	-48
113	-47
113	-46
113	-43
113	-42
113	-41
113	-26
113	-25
113	-24
113	-23
113	41
113	43
113	66
114	-89
114	-88
114	-87
114	-86
114	-85
114	-59
114	-49
114	-48
114	-47
114	-45
114	-44
114	-43
114	-42
114	-41
114	-26
114	-25
114	-24
114	-1
114	14
114	39
114	40
114	66
114	67
115	-89
115	-88
115	-87
115	-86
115	-85
115	-72
115	-70
115	-65
115	-63
115	-48
115	-47
115	-44
115	-43
115	-42
115	-26
115	-25
115	-24
115	14
115	41
115	43
115	66
115	67
115	68
116	-89
116	-88
116	-87
116	-86
116	-85
116	-67
116	-65
116	-55
116	-51
116	-48
116	-47
116	-43
116	-42
116	-41
116	-40
116	-27
116	-26
116	40
116	41
116	42
116	69
117	-89
117	-88
117	-87
117	-86
117	-85
117	-73
117	-71
117	-47
117	-43
117	-42
117	-41
117	-40
117	-27
117	-26
117	39
117	40
117	41
117	69
117	70
118	-89
118	-88
118	-87
118	-86
118	-85
118	-84
118	-56
118	-47
118	-43
118	-42
118	-41
118	-40
118	12
118	25
118	39
118	40
118	69
118	70
119	-89
119	-88
119	-87
119	-86
119	-85
119	-84
119	-68
119	-65
119	-27
119	22
119	37
119	38
119	39
119	71
120	-89
120	-88
120	-87
120	-86
120	-85
120	-84
120	-51
120	-38
120	-36
120	-35
120	22
120	37
120	38
120	71
121	-89
121	-88
121	-87
121	-86
121	-85
121	-84
121	-59
121	-25
121	-23
121	-21
121	-20
121	22
121	34
121	37
122	-89
122	-88
122	-87
122	-86
122	-85
122	-84
122	-36
122	-25
122	-23
122	-22
122	-21
122	-20
122	-18
122	36
122	72
123	-89
123	-88
123	-87
123	-86
123	-85
123	-84
123	-71
123	-25
123	-23
123	-22
123	-21
123	-20
123	-8
123	72
123	87
124	-89
124	-88
124	-87
124	-86
124	-85
124	-84
124	-55
124	-54
124	-53
124	-52
124	-51
124	-46
124	-23
124	-21
124	35
125	-89
125	-88
125	-87
125	-86
125	-84
125	-55
125	-52
125	-30
125	-22
125	-20
125	4
125	27
125	28
125	29
125	35
125	73
126	-89
126	-88
126	-87
126	-86
126	-85
126	-84
126	-55
126	-51
126	-26
126	-23
126	-22
126	25
126	26
126	73
127	-89
127	-88
127	-87
127	-86
127	-85
127	-84
127	-83
127	-71
127	-70
127	-69
127	-55
127	-51
127	-50
127	-39
127	-25
127	-24
127	-21
127	73
128	-89
128	-88
128	-87
128	-86
128	-85
128	-84
128	-83
128	-60
128	-55
128	-51
128	-50
128	-49
128	-24
128	-23
128	-22
129	-89
129	-88
129	-87
129	-62
129	-59
129	-55
129	-51
129	-50
129	-49
129	-22
129	-21
129	36
129	37
130	-89
130	-88
130	-87
130	-86
130	-85
130	-84
130	-83
130	-60
130	-55
130	-51
130	-50
130	-49
130	-47
130	-24
130	-22
130	-21
130	35
130	36
130	37
130	38
130	56
131	-89
131	-88
131	-87
131	-86
131	-84
131	-83
131	-60
131	-55
131	-54
131	-51
131	-50
131	-21
131	-2
131	35
131	36
131	37
131	38
131	72
132	-89
132	-88
132	-87
132	-86
132	-85
132	-84
132	-83
132	-60
132	-59
132	-57
132	-56
132	-55
132	-54
132	-50
132	35
132	36
132	37
132	38
132	39
132	62
132	71
132	76
133	-89
133	-88
133	-87
133	-86
133	-85
133	-84
133	-83
133	-82
133	-59
133	-58
133	-55
133	-54
133	-50
133	34
133	35
133	36
133	37
133	38
133	39
134	-89
134	-88
134	-87
134	-86
134	-85
134	-84
134	-83
134	-82
134	-59
134	-58
134	-55
134	34
134	35
134	36
134	37
134	38
134	39
134	86
135	-89
135	-88
135	-87
135	-86
135	-85
135	-84
135	-60
135	-59
135	-58
135	-55
135	-44
135	-43
135	33
135	34
135	35
135	36
135	37
135	38
135	39
135	60
135	61
136	-89
136	-88
136	-87
136	-86
136	-85
136	-84
136	-83
136	-82
136	-60
136	-41
136	-33
136	-32
136	8
136	32
136	33
136	34
136	35
136	36
136	37
136	38
136	39
136	40
136	60
136	67
137	-89
137	-88
137	-87
137	-86
137	-85
137	-84
137	-83
137	-82
137	-81
137	-55
137	-45
137	-43
137	-42
137	-38
137	-33
137	-15
137	31
137	32
137	33
137	34
137	35
137	37
137	38
137	39
137	40
137	59
137	60
137	75
138	-89
138	-88
138	-87
138	-86
138	-85
138	-84
138	-83
138	-82
138	-81
138	-55
138	-54
138	-43
138	-42
138	-40
138	-38
138	-31
138	-18
138	-17
138	20
138	21
138	31
138	32
138	33
138	34
138	35
138	38
138	39
138	40
138	59
138	60
139	-89
139	-88
139	-87
139	-86
139	-85
139	-84
139	-83
139	-82
139	-81
139	-76
139	-56
139	-55
139	-54
139	-53
139	-44
139	-43
139	-42
139	-41
139	-40
139	-39
139	-33
139	-19
139	-5
139	18
139	31
139	32
139	33
139	34
139	35
139	39
139	40
139	60
139	88
140	-89
140	-88
140	-87
140	-86
140	-83
140	-82
140	-81
140	-80
140	-56
140	-55
140	-54
140	-53
140	-52
140	-45
140	-43
140	-40
140	-33
140	21
140	31
140	32
140	33
140	34
140	35
140	41
141	-89
141	-88
141	-87
141	-81
141	-65
141	-57
141	-56
141	-55
141	-54
141	-53
141	-52
141	-44
141	-39
141	-33
141	31
141	32
141	33
141	34
141	35
141	42
141	77
142	-89
142	-88
142	-87
142	-66
142	-65
142	-58
142	-57
142	-56
142	-55
142	-54
142	-53
142	-43
142	-34
142	31
142	32
142	33
142	34
142	35
142	42
142	43
142	44
143	-89
143	-88
143	-87
143	-67
143	-66
143	-65
143	-64
143	-58
143	-57
143	-56
143	-55
143	-54
143	-53
143	20
143	25
143	31
143	32
143	33
143	34
143	44
144	-89
144	-88
144	-87
144	-67
144	-66
144	-65
144	-64
144	-58
144	-57
144	-56
144	-55
144	-54
144	-53
144	-44
144	-32
144	8
144	9
144	31
144	32
144	33
144	44
144	45
145	-89
145	-88
145	-87
145	-86
145	-67
145	-66
145	-65
145	-64
145	-57
145	-56
145	-55
145	-54
145	-53
145	8
145	9
145	10
145	11
145	33
145	34
145	35
145	44
145	45
145	49
145	50
146	-89
146	-88
146	-87
146	-68
146	-67
146	-66
146	-65
146	-64
146	-57
146	-56
146	-55
146	-54
146	-53
146	-33
146	-6
146	8
146	9
146	10
146	11
146	12
146	13
146	18
146	32
146	45
146	46
146	48
146	49
147	-89
147	-88
147	-87
147	-68
147	-67
147	-66
147	-65
147	-64
147	-57
147	-56
147	-55
147	-54
147	-53
147	-52
147	-36
147	-35
147	-34
147	-33
147	-10
147	-7
147	7
147	8
147	9
147	10
147	11
147	12
147	13
147	14
147	33
147	41
147	42
147	43
147	44
147	45
147	46
147	47
147	48
147	49
147	50
147	79
148	-89
148	-88
148	-87
148	-67
148	-66
148	-65
148	-64
148	-57
148	-56
148	-55
148	-54
148	-53
148	-34
148	-6
148	6
148	7
148	8
148	9
148	10
148	11
148	12
148	13
148	18
148	42
148	47
148	48
148	49
148	50
149	-89
149	-88
149	-87
149	-67
149	-66
149	-65
149	-64
149	-57
149	-56
149	-55
149	-54
149	-53
149	-36
149	-34
149	4
149	5
149	6
149	7
149	8
149	9
149	10
149	19
149	41
149	48
149	49
149	50
150	-89
150	-88
150	-87
150	-84
150	-82
150	-81
150	-66
150	-65
150	-64
150	-61
150	-60
150	-59
150	-57
150	-56
150	-55
150	-54
150	-53
150	-36
150	-35
150	-34
150	-33
150	5
150	6
150	7
150	8
150	9
150	23
150	49
150	51
151	-89
151	-88
151	-87
151	-86
151	-85
151	-66
151	-65
151	-64
151	-62
151	-61
151	-60
151	-59
151	-56
151	-55
151	-54
151	-35
151	-22
151	6
151	7
151	8
151	9
151	20
151	49
151	50
151	79
152	-89
152	-88
152	-87
152	-65
152	-64
152	-63
152	-62
152	-61
152	-60
152	-55
152	-54
152	-34
152	8
152	11
152	20
152	49
152	50
152	51
152	62
153	-89
153	-88
153	-87
153	-86
153	-64
153	-63
153	-62
153	-61
153	-60
153	-59
153	-36
153	-35
153	-28
153	20
153	49
153	50
153	51
153	79
154	-89
154	-88
154	-87
154	-64
154	-63
154	-62
154	-61
154	-60
154	-59
154	-22
154	-21
154	14
154	50
154	51
155	-89
155	-88
155	-87
155	-64
155	-63
155	-62
155	-61
155	-60
155	-59
155	-53
155	-36
155	-35
155	-22
155	-2
155	-1
155	12
155	14
155	19
155	49
155	50
156	-89
156	-88
156	-87
156	-61
156	-60
156	-59
156	-54
156	-53
156	-52
156	-13
156	13
156	18
156	61
156	86
157	-89
157	-88
157	-87
157	-64
157	-60
157	-59
157	-54
157	-53
157	-52
157	-51
157	-36
157	-22
157	-10
157	-8
157	-7
157	79
157	87
158	-89
158	-88
158	-87
158	-86
158	-65
158	-64
158	-59
158	-54
158	-53
158	-51
158	-21
158	-9
158	-8
158	-7
158	-6
158	16
158	18
158	79
159	-89
159	-88
159	-87
159	-86
159	-65
159	-64
159	-54
159	-53
159	-52
159	-22
159	-9
159	-8
159	-7
159	-6
159	-5
159	-4
159	-3
159	-2
159	-1
159	0
159	1
159	3
159	17
159	18
159	19
159	27
159	49
160	-89
160	-88
160	-87
160	-86
160	-66
160	-65
160	-64
160	-63
160	-54
160	-53
160	-52
160	-22
160	-9
160	-8
160	-7
160	2
160	16
160	17
160	19
160	20
160	26
160	49
160	86
161	-89
161	-88
161	-87
161	-86
161	-66
161	-65
161	-64
161	-63
161	-52
161	-23
161	-9
161	-8
161	2
161	16
161	17
162	-89
162	-88
162	-87
162	-86
162	-66
162	-65
162	-64
162	-63
162	-53
162	-12
162	-8
162	4
162	15
162	16
162	47
162	48
162	80
162	88
163	-89
163	-88
163	-87
163	-86
163	-66
163	-65
163	-64
163	-63
163	-62
163	-31
163	-11
163	-10
163	-9
163	1
163	9
163	10
163	19
163	80
163	81
163	86
163	88
164	-89
164	-88
164	-87
164	-86
164	-67
164	-66
164	-65
164	-64
164	-46
164	-10
164	-9
164	1
164	12
164	16
164	80
165	-89
165	-88
165	-87
165	-86
165	-67
165	-66
165	-65
165	-64
165	-32
165	-9
165	1
165	12
165	15
165	87
166	-89
166	-88
166	-87
166	-86
166	-68
166	-67
166	-66
166	-65
166	-64
166	-63
166	-61
166	-60
166	-59
166	-58
166	-57
166	-47
166	1
166	5
166	6
166	11
166	16
166	17
167	-89
167	-88
167	-87
167	-75
167	-70
167	-69
167	-67
167	-66
167	-65
167	-64
167	-63
167	-62
167	-61
167	-60
167	-59
167	-58
167	-57
167	-47
167	1
167	80
167	83
167	88
168	-89
168	-88
168	-87
168	-75
168	-71
168	-70
168	-69
168	-66
168	-65
168	-64
168	-63
168	-62
168	-61
168	-60
168	-59
168	-58
168	-57
168	-47
168	-37
168	-12
168	1
168	80
168	82
169	-89
169	-88
169	-87
169	-86
169	-72
169	-71
169	-70
169	-69
169	-65
169	-64
169	-63
169	-62
169	-61
169	-60
169	-59
169	-58
169	-57
169	-50
169	-48
169	-47
169	4
169	5
169	6
169	7
169	8
169	20
170	-89
170	-88
170	-87
170	-86
170	-72
170	-71
170	-70
170	-69
170	-63
170	-62
170	-61
170	-60
170	-59
170	-58
170	-57
170	-50
170	-49
170	-48
170	-40
170	-39
170	-38
170	16
170	73
170	80
170	81
170	82
171	-89
171	-88
171	-87
171	-86
171	-74
171	-72
171	-71
171	-70
171	-69
171	-64
171	-61
171	-60
171	-59
171	-58
171	-50
171	-49
171	-40
171	-29
171	81
171	86
172	-89
172	-88
172	-87
172	-86
172	-85
172	-72
172	-71
172	-70
172	-69
172	-67
172	-61
172	-60
172	-59
172	-58
172	-38
172	-34
172	35
172	81
172	87
173	-89
173	-88
173	-87
173	-86
173	-85
173	-74
173	-73
173	-72
173	-71
173	-70
173	-69
173	-68
173	-62
173	-61
173	-59
173	-58
173	-39
173	-27
173	53
173	54
173	65
173	80
174	-89
174	-88
174	-87
174	-79
174	-74
174	-73
174	-72
174	-71
174	-70
174	-69
174	-65
174	-62
174	-61
174	-27
174	-26
174	-16
174	52
174	53
174	54
174	80
174	82
174	86
175	-89
175	-88
175	-87
175	-85
175	-74
175	-73
175	-72
175	-71
175	-70
175	-69
175	-65
175	-64
175	-62
175	-49
175	-28
175	-27
175	-26
175	57
175	80
175	82
175	85
176	-89
176	-88
176	-87
176	-86
176	-74
176	-73
176	-72
176	-71
176	-70
176	-69
176	-65
176	-64
176	-62
176	-28
176	-27
176	51
176	52
176	53
176	54
176	55
176	56
176	57
176	80
176	86
177	-89
177	-88
177	-72
177	-71
177	-70
177	-69
177	-65
177	-64
177	-63
177	-62
177	-30
177	-29
177	-28
177	51
177	52
177	53
177	54
177	55
177	56
177	80
177	81
178	-89
178	-88
178	-87
178	-86
178	-72
178	-71
178	-70
178	-69
178	-66
178	-65
178	-64
178	-63
178	-49
178	-6
178	-5
178	27
178	28
178	51
178	52
178	53
178	54
178	55
178	80
178	81
178	82
178	83
179	-89
179	-88
179	-87
179	-85
179	-72
179	-71
179	-70
179	-69
179	-66
179	-65
179	-64
179	-63
179	-9
179	-6
179	-5
179	-4
179	-3
179	25
179	26
179	27
179	28
179	51
179	52
179	53
179	54
179	55
179	56
179	64
179	65
179	66
179	74
179	80
179	81
179	83
179	86
180	-89
180	-88
180	-87
180	-86
180	-72
180	-71
180	-70
180	-69
180	-66
180	-63
180	-11
180	-10
180	-8
180	-7
180	-6
180	-4
180	-3
180	27
180	51
180	52
180	53
180	54
180	55
180	64
180	65
180	80
180	81
180	83
181	-89
181	-88
181	-87
181	-86
181	-72
181	-71
181	-70
181	-69
181	-68
181	-58
181	-30
181	-16
181	-11
181	-10
181	-9
181	-8
181	-7
181	-6
181	26
181	50
181	51
181	52
181	53
181	54
181	55
181	64
181	80
181	81
182	-89
182	-88
182	-87
182	-86
182	-85
182	-84
182	-71
182	-70
182	-69
182	-68
182	-67
182	-62
182	-61
182	-11
182	-10
182	-9
182	-8
182	-7
182	21
182	22
182	23
182	24
182	25
182	26
182	28
182	49
182	50
182	51
182	52
182	53
182	54
182	63
182	64
182	65
182	67
182	73
182	80
182	82
183	-89
183	-88
183	-87
183	-86
183	-71
183	-70
183	-69
183	-68
183	-67
183	-62
183	-61
183	-60
183	-47
183	-10
183	-9
183	-8
183	-7
183	48
183	49
183	50
183	51
183	52
183	53
183	54
183	64
183	65
183	66
183	69
183	70
183	79
183	80
183	81
183	82
184	-89
184	-88
184	-87
184	-68
184	-67
184	-62
184	-61
184	-60
184	-10
184	-9
184	-8
184	-7
184	49
184	50
184	51
184	52
184	53
184	54
184	64
184	65
184	67
184	68
184	69
184	70
184	71
184	72
184	73
184	78
184	79
184	80
184	81
184	82
184	86
185	-89
185	-88
185	-87
185	-86
185	-83
185	-69
185	-68
185	-67
185	-62
185	-61
185	-60
185	-35
185	-34
185	-33
185	-32
185	-31
185	-6
185	11
185	12
185	50
185	51
185	52
185	53
185	54
185	64
185	65
185	66
185	67
185	69
185	70
185	71
185	72
185	73
185	74
185	76
185	77
185	78
185	79
185	80
185	81
185	83
186	-89
186	-88
186	-87
186	-86
186	-69
186	-68
186	-67
186	-66
186	-62
186	-61
186	-60
186	-48
186	8
186	49
186	50
186	51
186	52
186	53
186	54
186	63
186	64
186	65
186	66
186	67
186	68
186	69
186	70
186	71
186	72
186	73
186	74
186	75
186	76
186	77
186	78
186	79
186	80
186	81
186	83
186	86
187	-89
187	-88
187	-87
187	-68
187	-67
187	-66
187	-62
187	-61
187	-60
187	-59
187	8
187	9
187	10
187	11
187	12
187	13
187	47
187	49
187	50
187	51
187	52
187	53
187	54
187	63
187	64
187	65
187	66
187	67
187	68
187	71
187	74
187	75
187	76
187	77
187	78
187	79
187	81
187	82
187	83
187	84
188	-89
188	-88
188	-87
188	-86
188	-67
188	-66
188	-63
188	-61
188	-51
188	7
188	8
188	9
188	10
188	11
188	12
188	13
188	14
188	15
188	16
188	47
188	51
188	52
188	53
188	54
188	62
188	63
188	64
188	65
188	66
188	67
188	68
188	69
188	70
188	71
188	72
188	73
188	74
188	75
188	76
188	77
188	80
188	81
188	82
189	-89
189	-65
189	6
189	7
189	8
189	9
189	10
189	11
189	12
189	13
189	14
189	16
189	26
189	36
189	37
189	51
189	52
189	53
189	54
189	62
189	63
189	64
189	65
189	66
189	67
189	68
189	69
189	70
189	71
189	72
189	73
189	74
189	75
189	76
189	80
189	81
189	82
189	83
189	87
190	-89
190	-88
190	-87
190	-77
190	-65
190	-57
190	-56
190	6
190	7
190	8
190	9
190	10
190	11
190	12
190	13
190	14
190	15
190	16
190	21
190	29
190	32
190	52
190	53
190	62
190	63
190	64
190	66
190	67
190	68
190	69
190	70
190	71
190	72
190	73
190	74
190	75
190	79
190	80
190	81
190	82
190	83
191	-89
191	-88
191	-56
191	-2
191	7
191	8
191	9
191	10
191	11
191	12
191	13
191	14
191	15
191	17
191	35
191	52
191	63
191	67
191	68
191	69
191	70
191	71
191	72
191	73
191	74
191	75
191	78
191	80
191	82
192	-89
192	-88
192	-87
192	-86
192	-85
192	-83
192	-18
192	-15
192	7
192	8
192	9
192	10
192	11
192	12
192	13
192	14
192	33
192	68
192	69
192	70
192	71
192	72
192	73
192	74
192	77
192	80
192	83
192	88
193	-89
193	-88
193	-77
193	-76
193	-56
193	8
193	9
193	10
193	11
193	12
193	13
193	35
193	36
193	69
193	70
193	71
193	72
193	73
193	74
193	75
193	77
193	80
193	81
193	82
193	83
193	87
194	-89
194	-87
194	-76
194	-18
194	-17
194	-16
194	8
194	9
194	10
194	11
194	12
194	13
194	14
194	47
194	70
194	71
194	72
194	73
194	74
194	81
194	82
194	83
195	-89
195	-88
195	-87
195	-85
195	-75
195	-16
195	-15
195	-7
195	8
195	9
195	10
195	11
195	12
195	13
195	14
195	45
195	46
195	48
195	50
195	71
195	72
195	73
195	74
195	75
195	79
195	80
195	81
195	82
195	83
196	-89
196	-88
196	-87
196	-85
196	-76
196	-50
196	-44
196	-16
196	-15
196	-14
196	8
196	9
196	10
196	11
196	12
196	13
196	14
196	24
196	44
196	45
196	46
196	71
196	72
196	73
196	78
196	79
196	80
196	81
196	82
196	83
197	-89
197	-88
197	-87
197	-15
197	-14
197	-12
197	-11
197	10
197	11
197	13
197	39
197	49
197	71
197	72
197	74
197	81
197	82
197	83
198	-89
198	-88
198	-85
198	-33
198	11
198	37
198	38
198	39
198	40
198	41
198	52
198	71
198	72
198	73
198	82
198	83
199	-89
199	-88
199	-87
199	-76
199	-41
199	-33
199	-31
199	-29
199	-28
199	-27
199	10
199	21
199	22
199	35
199	36
199	37
199	38
199	39
199	40
199	45
199	53
199	71
199	72
199	73
199	78
199	79
199	80
199	81
199	82
199	83
200	-89
200	-88
200	-70
200	-32
200	-31
200	-30
200	-29
200	-28
200	23
200	37
200	38
200	39
200	71
200	72
200	73
200	82
200	83
200	88
201	-89
201	-87
201	-86
201	-77
201	-44
201	-29
201	-27
201	22
201	23
201	24
201	31
201	32
201	43
201	71
201	72
201	73
201	74
201	79
201	80
201	81
201	83
202	-89
202	-78
202	-77
202	-62
202	-61
202	-60
202	-36
202	-28
202	-26
202	19
202	20
202	24
202	25
202	26
202	27
202	28
202	29
202	30
202	36
202	37
202	38
202	39
202	44
202	71
202	72
202	73
202	76
202	77
202	78
202	79
202	80
202	81
202	82
202	83
203	-89
203	-88
203	-87
203	-77
203	-28
203	-13
203	25
203	26
203	27
203	28
203	29
203	30
203	31
203	37
203	39
203	41
203	71
203	72
203	74
203	78
203	79
203	80
203	81
203	82
204	-89
204	-88
204	-86
204	-77
204	-76
204	-62
204	-61
204	-60
204	-59
204	-27
204	-26
204	26
204	27
204	28
204	29
204	37
204	40
204	43
204	44
204	71
204	75
204	77
204	78
204	79
204	80
204	81
204	82
204	83
205	-89
205	-88
205	-87
205	-85
205	-77
205	-76
205	-63
205	-62
205	-61
205	-60
205	-59
205	-30
205	-26
205	27
205	28
205	29
205	40
205	41
205	42
205	43
205	51
205	71
205	72
205	73
205	74
205	76
205	77
205	78
205	79
205	80
205	81
205	82
205	83
206	-89
206	-88
206	-86
206	-78
206	-77
206	-76
206	-70
206	-65
206	-64
206	-63
206	-62
206	-61
206	-60
206	-59
206	-58
206	30
206	40
206	41
206	42
206	43
206	46
206	47
206	48
206	49
206	50
206	51
206	71
206	72
206	74
206	78
206	79
206	80
206	81
207	-89
207	-87
207	-78
207	-77
207	-76
207	-66
207	-65
207	-64
207	-63
207	-62
207	-57
207	9
207	10
207	26
207	40
207	44
207	45
207	46
207	47
207	48
207	49
207	50
207	51
207	52
207	71
207	82
207	83
208	-89
208	-88
208	-78
208	-77
208	-76
208	-75
208	-67
208	-66
208	-65
208	-64
208	-63
208	-62
208	-61
208	-60
208	-59
208	-58
208	-57
208	7
208	8
208	18
208	19
208	29
208	45
208	46
208	47
208	48
208	49
208	50
208	51
208	52
208	71
208	74
208	76
208	77
208	78
208	79
208	80
208	81
208	82
208	83
209	-89
209	-88
209	-87
209	-78
209	-77
209	-76
209	-75
209	-67
209	-66
209	-65
209	-64
209	-63
209	-62
209	-61
209	-60
209	-59
209	17
209	18
209	19
209	20
209	47
209	48
209	49
209	50
209	51
209	71
209	72
209	76
209	77
209	78
209	79
209	80
209	81
209	82
209	83
210	-89
210	-88
210	-87
210	-78
210	-77
210	-76
210	-67
210	-66
210	-65
210	-64
210	-63
210	9
210	17
210	18
210	19
210	20
210	30
210	48
210	49
210	50
210	71
210	72
210	76
210	77
210	78
210	79
210	80
210	81
210	82
210	83
211	-89
211	-88
211	-79
211	-78
211	-77
211	-76
211	-75
211	-68
211	-67
211	-66
211	-65
211	-64
211	-63
211	-62
211	-61
211	-60
211	-59
211	-58
211	-51
211	-9
211	16
211	17
211	18
211	19
211	20
211	21
211	31
211	49
211	71
211	72
211	77
211	78
211	79
211	80
211	81
211	82
211	83
212	-89
212	-88
212	-87
212	-79
212	-78
212	-77
212	-76
212	-75
212	-70
212	-69
212	-68
212	-67
212	-66
212	-65
212	-64
212	-63
212	-62
212	-60
212	-21
212	-19
212	13
212	14
212	15
212	16
212	17
212	18
212	19
212	20
212	21
212	31
212	49
212	50
212	70
212	77
212	78
212	79
212	80
212	81
213	-89
213	-87
213	-79
213	-78
213	-77
213	-76
213	-75
213	-74
213	-69
213	-68
213	-67
213	-66
213	-65
213	-64
213	-63
213	-62
213	-61
213	-60
213	-2
213	15
213	16
213	17
213	18
213	19
213	20
213	21
213	22
213	49
213	50
213	51
213	73
213	74
213	77
213	78
213	79
213	80
213	81
213	82
214	-89
214	-88
214	-87
214	-79
214	-78
214	-77
214	-76
214	-75
214	-74
214	-70
214	-69
214	-68
214	-67
214	-66
214	-65
214	-64
214	-63
214	-45
214	-44
214	11
214	12
214	13
214	14
214	15
214	16
214	17
214	18
214	19
214	20
214	21
214	22
214	49
214	50
214	51
214	77
214	78
214	79
214	80
215	-89
215	-88
215	-87
215	-79
215	-78
215	-77
215	-76
215	-75
215	-74
215	-69
215	-68
215	-67
215	-66
215	-65
215	-64
215	-63
215	-23
215	-3
215	-2
215	-1
215	13
215	14
215	15
215	16
215	17
215	18
215	19
215	20
215	21
215	22
215	49
215	50
215	51
215	70
215	71
215	77
215	78
215	79
215	80
215	81
215	82
216	-89
216	-88
216	-86
216	-79
216	-78
216	-77
216	-76
216	-75
216	-74
216	-73
216	-69
216	-68
216	-67
216	-66
216	-65
216	-64
216	-63
216	-43
216	-4
216	-3
216	-2
216	-1
216	0
216	12
216	13
216	14
216	15
216	16
216	17
216	18
216	19
216	20
216	21
216	22
216	28
216	49
216	50
216	70
216	77
216	78
216	79
216	80
216	81
217	-89
217	-88
217	-79
217	-78
217	-77
217	-76
217	-75
217	-74
217	-69
217	-68
217	-67
217	-66
217	-65
217	-64
217	-63
217	-45
217	-44
217	-29
217	-5
217	-4
217	-3
217	-2
217	-1
217	12
217	13
217	14
217	15
217	16
217	17
217	18
217	19
217	20
217	70
217	71
217	74
217	77
217	78
217	79
217	80
217	81
217	82
218	-89
218	-88
218	-87
218	-79
218	-78
218	-77
218	-76
218	-75
218	-74
218	-69
218	-68
218	-67
218	-66
218	-65
218	-64
218	-63
218	-62
218	-53
218	-50
218	-29
218	-28
218	-9
218	-8
218	-7
218	-6
218	-5
218	-4
218	-3
218	-2
218	-1
218	0
218	1
218	2
218	3
218	4
218	13
218	14
218	15
218	16
218	17
218	18
218	19
218	20
218	21
218	73
218	78
218	79
218	80
218	81
218	82
219	-89
219	-87
219	-80
219	-79
219	-78
219	-77
219	-76
219	-75
219	-74
219	-70
219	-69
219	-68
219	-67
219	-66
219	-65
219	-64
219	-63
219	-62
219	-33
219	-32
219	-31
219	-30
219	-29
219	-28
219	-14
219	-9
219	-7
219	-6
219	-5
219	-4
219	-3
219	-2
219	-1
219	0
219	13
219	14
219	15
219	16
219	17
219	18
219	19
219	57
219	59
219	72
219	78
219	79
219	80
219	81
220	-89
220	-88
220	-87
220	-80
220	-79
220	-78
220	-77
220	-76
220	-75
220	-74
220	-72
220	-70
220	-69
220	-68
220	-67
220	-66
220	-65
220	-64
220	-63
220	-62
220	-10
220	-9
220	-8
220	-7
220	-6
220	-5
220	-4
220	-3
220	13
220	14
220	15
220	16
220	17
220	18
220	58
220	59
220	60
220	61
220	78
220	79
220	80
220	81
221	-89
221	-88
221	-87
221	-80
221	-79
221	-78
221	-77
221	-76
221	-75
221	-74
221	-70
221	-69
221	-68
221	-67
221	-66
221	-65
221	-64
221	-63
221	-62
221	-32
221	-31
221	-30
221	-29
221	-28
221	-27
221	-9
221	-7
221	-6
221	-5
221	-4
221	13
221	14
221	15
221	16
221	57
221	58
221	59
221	60
221	78
221	79
221	80
221	81
222	-89
222	-88
222	-80
222	-79
222	-78
222	-77
222	-76
222	-75
222	-74
222	-69
222	-67
222	-66
222	-65
222	-64
222	-63
222	-62
222	-61
222	-30
222	-7
222	-6
222	-5
222	56
222	78
222	79
222	80
222	81
222	85
223	-89
223	-88
223	-80
223	-79
223	-78
223	-77
223	-76
223	-75
223	-74
223	-69
223	-67
223	-66
223	-65
223	-64
223	-63
223	-62
223	-49
223	-34
223	33
223	34
223	35
223	80
223	81
224	-89
224	-88
224	-87
224	-80
224	-79
224	-78
224	-77
224	-76
224	-75
224	-74
224	-73
224	-69
224	-68
224	-67
224	-66
224	-65
224	-64
224	-63
224	-47
224	-46
224	32
224	33
224	34
224	35
224	80
224	81
225	-89
225	-88
225	-87
225	-86
225	-80
225	-79
225	-78
225	-77
225	-76
225	-75
225	-74
225	-68
225	-67
225	-66
225	-65
225	54
225	80
225	81
226	-89
226	-88
226	-87
226	-80
226	-79
226	-78
226	-77
226	-76
226	-75
226	-74
226	-73
226	-68
226	-66
226	-65
226	80
226	81
227	-89
227	-88
227	-87
227	-80
227	-79
227	-78
227	-77
227	-76
227	-75
227	-74
227	-69
227	-67
227	-65
227	-64
227	-63
227	-44
227	-43
227	-40
227	-39
227	7
227	8
227	11
227	12
227	80
227	81
227	83
228	-89
228	-88
228	-87
228	-86
228	-80
228	-79
228	-78
228	-77
228	-76
228	-75
228	-74
228	-70
228	-68
228	-66
228	-65
228	-47
228	-45
228	-44
228	-43
228	-42
228	-41
228	-8
228	10
228	11
228	12
228	13
228	14
228	80
228	81
229	-89
229	-88
229	-87
229	-86
229	-80
229	-79
229	-78
229	-77
229	-76
229	-75
229	-74
229	-71
229	-68
229	-65
229	-62
229	-48
229	-47
229	-45
229	-44
229	-43
229	-42
229	-41
229	-40
229	-27
229	-12
229	-2
229	-1
229	0
229	4
229	5
229	6
229	10
229	11
229	12
229	13
229	14
229	15
229	27
229	28
229	81
230	-89
230	-88
230	-87
230	-81
230	-80
230	-79
230	-78
230	-77
230	-76
230	-75
230	-69
230	-68
230	-67
230	-65
230	-63
230	-62
230	-47
230	-42
230	-41
230	-2
230	-1
230	1
230	2
230	3
230	5
230	6
230	9
230	12
230	13
230	14
230	15
230	16
230	79
230	80
231	-89
231	-88
231	-86
231	-81
231	-80
231	-79
231	-78
231	-77
231	-76
231	-75
231	-74
231	-72
231	-68
231	-65
231	-42
231	-41
231	-23
231	-1
231	0
231	1
231	2
231	3
231	11
231	13
231	15
231	79
231	80
232	-89
232	-88
232	-87
232	-86
232	-81
232	-80
232	-79
232	-78
232	-77
232	-76
232	-75
232	-69
232	-64
232	-41
232	-29
232	-6
232	1
232	13
232	14
232	45
232	53
232	79
232	80
233	-89
233	-88
233	-87
233	-81
233	-80
233	-79
233	-78
233	-70
233	-68
233	-63
233	-46
233	-45
233	-44
233	-32
233	-31
233	-30
233	-6
233	28
233	52
233	79
233	80
234	-89
234	-88
234	-87
234	-81
234	-80
234	-69
234	-64
234	-55
234	-47
234	-45
234	-44
234	-32
234	-31
234	-30
234	1
234	23
234	24
234	34
234	47
234	49
234	51
234	53
234	78
234	79
234	80
235	-89
235	-88
235	-87
235	-71
235	-69
235	-47
235	-45
235	-44
235	-37
235	-36
235	-32
235	-31
235	-30
235	-29
235	50
235	51
235	78
235	79
235	80
236	-71
236	-69
236	-51
236	-47
236	-46
236	-45
236	-44
236	-38
236	-37
236	-36
236	-35
236	-34
236	-31
236	-30
236	-29
236	-12
236	-11
236	-8
236	1
236	51
236	78
236	79
236	80
237	-89
237	-88
237	-86
237	-70
237	-64
237	-47
237	-46
237	-45
237	-44
237	-38
237	-37
237	-36
237	-35
237	-31
237	-30
237	-10
237	-9
237	-8
237	1
237	3
237	69
237	77
237	78
237	79
237	80
238	-89
238	-88
238	-69
238	-46
238	-45
238	-44
238	-39
238	-38
238	-37
238	-36
238	1
238	3
238	16
238	49
238	68
238	77
238	78
238	79
238	80
239	-89
239	-88
239	-46
239	-45
239	-44
239	-40
239	-38
239	-37
239	-27
239	-26
239	58
239	70
239	71
239	77
239	78
239	79
239	80
240	-89
240	-88
240	-86
240	-76
240	-52
240	-47
240	-46
240	-45
240	-44
240	-38
240	-27
240	-26
240	-25
240	1
241	-89
241	-88
241	-87
241	-82
241	-47
241	-46
241	-45
241	-44
241	2
241	4
241	51
241	61
241	77
241	78
241	79
241	80
241	84
242	-89
242	-88
242	-87
242	-82
242	-47
242	-46
242	-45
242	-44
242	-1
242	33
242	50
242	70
242	72
242	78
242	79
242	80
243	-89
243	-88
243	-82
243	-81
243	-47
243	-46
243	-45
243	-44
243	-43
243	-25
243	-17
243	71
243	78
243	79
244	-89
244	-88
244	-87
244	-86
244	-82
244	-81
244	-46
244	-45
244	-44
244	-43
244	-34
244	-33
244	-26
244	-25
244	-19
244	-1
244	1
244	66
244	78
244	79
245	-89
245	-88
245	-87
245	-82
245	-81
245	-80
245	-45
245	-44
245	-43
245	-42
245	-26
245	-25
245	-22
245	-18
245	-17
245	-1
245	26
245	39
245	62
245	71
246	-89
246	-88
246	-87
246	-85
246	-82
246	-81
246	-80
246	-79
246	-45
246	-44
246	-43
246	-42
246	-41
246	-27
246	-26
246	-25
246	-24
246	-23
246	-22
246	-19
246	-18
246	-17
246	-12
246	-1
246	52
246	61
246	62
246	79
247	-89
247	-88
247	-82
247	-81
247	-80
247	-79
247	-45
247	-44
247	-43
247	-42
247	-41
247	-28
247	-27
247	-26
247	-24
247	-23
247	-22
247	-21
247	-19
247	-18
247	-1
247	39
247	78
247	79
248	-89
248	-88
248	-87
248	-84
248	-82
248	-81
248	-80
248	-79
248	-45
248	-44
248	-43
248	-42
248	-41
248	-27
248	-26
248	-23
248	-22
248	-21
248	-20
248	-19
248	-18
248	-3
248	63
249	-89
249	-88
249	-87
249	-86
249	-82
249	-81
249	-80
249	-79
249	-46
249	-45
249	-44
249	-43
249	-42
249	-41
249	-40
249	-26
249	-23
249	-22
249	-21
249	-20
249	-8
249	-6
249	-5
249	61
249	62
250	-89
250	-82
250	-81
250	-80
250	-79
250	-46
250	-45
250	-44
250	-43
250	-42
250	-41
250	-32
250	-23
250	-22
250	-21
250	-20
250	61
250	72
251	-89
251	-88
251	-86
251	-82
251	-81
251	-80
251	-79
251	-51
251	-46
251	-45
251	-44
251	-43
251	-42
251	-41
251	-40
251	-31
251	-29
251	-23
251	-22
251	-21
251	6
251	60
251	62
252	-89
252	-87
252	-85
252	-82
252	-81
252	-80
252	-79
252	-68
252	-67
252	-23
252	-22
252	5
252	18
252	26
252	27
252	72
253	-89
253	-88
253	-86
253	-83
253	-82
253	-81
253	-80
253	-79
253	-64
253	-46
253	-45
253	-44
253	-43
253	-42
253	-41
253	-40
253	-39
253	-26
253	-25
253	-23
253	-22
253	4
253	5
253	19
253	26
253	27
253	51
254	-89
254	-88
254	-87
254	-85
254	-83
254	-82
254	-81
254	-80
254	-79
254	-48
254	-29
254	-28
254	-25
254	-24
254	-23
254	4
254	5
254	20
254	21
254	36
254	65
255	-89
255	-87
255	-86
255	-85
255	-83
255	-82
255	-81
255	-80
255	-79
255	-48
255	-47
255	-46
255	-40
255	-24
255	4
255	13
255	20
255	49
255	63
255	64
255	84
256	-89
256	-88
256	-83
256	-82
256	-81
256	-80
256	-79
256	-50
256	-48
256	18
256	40
256	51
256	52
256	53
256	71
256	72
256	73
256	74
257	-89
257	-88
257	-83
257	-82
257	-81
257	-80
257	-79
257	-73
257	-11
257	4
257	5
257	41
257	42
257	64
257	78
257	83
258	-89
258	-88
258	-83
258	-82
258	-81
258	-80
258	-79
258	-31
258	-30
258	-24
258	-13
258	-12
258	-11
258	-10
258	-9
258	38
258	40
258	42
258	79
258	84
259	-89
259	-88
259	-87
259	-86
259	-85
259	-83
259	-82
259	-81
259	-80
259	-79
259	-31
259	-30
259	-25
259	-24
259	-14
259	-13
259	-12
259	-11
259	-10
259	-9
259	61
259	84
260	-89
260	-88
260	-87
260	-86
260	-85
260	-83
260	-82
260	-81
260	-80
260	-79
260	-32
260	-31
260	-30
260	-29
260	-26
260	-25
260	-24
260	-15
260	-14
260	-13
260	-12
260	-11
260	-10
260	-9
260	9
260	89
261	-89
261	-88
261	-87
261	-86
261	-85
261	-84
261	-83
261	-82
261	-81
261	-80
261	-79
261	-33
261	-32
261	-31
261	-30
261	-29
261	-28
261	-26
261	-25
261	-16
261	-15
261	-14
261	-13
261	-12
261	-11
261	-10
261	42
261	76
262	-89
262	-88
262	-87
262	-85
262	-84
262	-83
262	-82
262	-81
262	-80
262	-79
262	-48
262	-33
262	-32
262	-31
262	-30
262	-29
262	-28
262	-27
262	-26
262	-23
262	-14
262	-13
262	-12
262	-11
262	19
263	-89
263	-88
263	-87
263	-85
263	-83
263	-82
263	-81
263	-80
263	-79
263	-73
263	-40
263	-39
263	-33
263	-32
263	-31
263	-30
263	-29
263	-28
263	-27
263	-13
263	-12
263	-11
263	30
263	41
264	-89
264	-88
264	-87
264	-85
264	-83
264	-82
264	-81
264	-80
264	-79
264	-73
264	-53
264	-39
264	-33
264	-32
264	-31
264	-30
264	-29
264	-13
264	-12
264	-11
264	0
264	1
264	2
264	20
265	-89
265	-88
265	-87
265	-83
265	-82
265	-81
265	-80
265	-79
265	-73
265	-58
265	-57
265	-56
265	-38
265	-34
265	-33
265	-32
265	-31
265	-30
265	-14
265	-13
265	-12
265	-11
265	-5
265	20
265	21
265	32
265	37
265	40
265	41
265	79
265	84
266	-89
266	-88
266	-87
266	-86
266	-85
266	-84
266	-83
266	-82
266	-81
266	-80
266	-79
266	-74
266	-73
266	-58
266	-57
266	-56
266	-34
266	-33
266	-32
266	-31
266	-30
266	-14
266	-13
266	-12
266	-11
266	-5
266	-4
266	-3
266	-2
266	39
266	40
266	41
266	83
266	84
267	-89
267	-88
267	-87
267	-83
267	-82
267	-81
267	-80
267	-79
267	-74
267	-73
267	-72
267	-57
267	-56
267	-42
267	-34
267	-33
267	-32
267	-31
267	-30
267	-14
267	-13
267	-12
267	-11
267	-5
267	-4
267	-3
267	-2
267	79
268	-89
268	-88
268	-87
268	-86
268	-85
268	-84
268	-83
268	-82
268	-81
268	-80
268	-79
268	-74
268	-73
268	-71
268	-57
268	-56
268	-34
268	-33
268	-32
268	-31
268	-30
268	-20
268	-6
268	-5
268	-4
268	-3
268	-2
268	-1
268	0
268	41
269	-89
269	-88
269	-87
269	-83
269	-82
269	-81
269	-80
269	-79
269	-75
269	-72
269	-61
269	-57
269	-56
269	-54
269	-41
269	-34
269	-33
269	-32
269	-31
269	-20
269	-18
269	-17
269	-15
269	-6
269	-5
269	-4
269	-3
269	-2
269	-1
269	0
269	1
269	13
270	-89
270	-88
270	-87
270	-86
270	-83
270	-82
270	-81
270	-80
270	-75
270	-74
270	-71
270	-57
270	-56
270	-55
270	-53
270	-33
270	-16
270	-6
270	-5
270	-4
270	-3
270	-2
270	-1
270	0
270	1
270	2
270	3
270	13
271	-89
271	-88
271	-85
271	-83
271	-82
271	-81
271	-80
271	-79
271	-75
271	-73
271	-56
271	-55
271	-54
271	-38
271	-17
271	-6
271	-5
271	-4
271	-3
271	-2
271	-1
271	0
271	1
271	48
271	83
272	-89
272	-88
272	-87
272	-86
272	-85
272	-84
272	-83
272	-82
272	-81
272	-75
272	-26
272	-6
272	-5
272	-4
272	-3
272	-2
272	-1
272	0
272	1
272	67
273	-89
273	-88
273	-87
273	-86
273	-84
273	-83
273	-82
273	-81
273	-80
273	-79
273	-76
273	-56
273	-55
273	-33
273	-7
273	-6
273	0
273	5
273	14
273	43
273	66
273	67
273	68
274	-89
274	-88
274	-87
274	-86
274	-85
274	-84
274	-83
274	-81
274	-80
274	-55
274	-35
274	-11
274	1
274	2
274	3
274	4
274	5
274	6
274	44
274	67
274	68
274	80
274	83
275	-89
275	-88
275	-86
275	-85
275	-83
275	-82
275	-81
275	-80
275	-76
275	-75
275	-55
275	-54
275	-53
275	-52
275	1
275	2
275	3
275	4
275	5
275	6
275	44
275	48
275	49
275	50
275	65
275	66
275	67
275	68
275	81
275	82
275	83
276	-89
276	-88
276	-87
276	-86
276	-85
276	-84
276	-83
276	-82
276	-81
276	-80
276	-76
276	-75
276	1
276	2
276	3
276	4
276	5
276	6
276	9
276	32
276	47
276	48
276	49
276	51
276	66
276	67
276	68
277	-89
277	-88
277	-86
277	-85
277	-83
277	-82
277	-81
277	-80
277	-77
277	-76
277	-59
277	-57
277	9
277	14
277	26
277	28
277	47
277	48
277	64
277	65
277	66
277	67
277	68
278	-89
278	-88
278	-87
278	-86
278	-85
278	-84
278	-83
278	-82
278	-81
278	-80
278	-77
278	-76
278	-75
278	-73
278	9
278	13
278	14
278	47
278	65
278	66
278	67
278	68
278	83
279	-89
279	-88
279	-87
279	-86
279	-85
279	-82
279	-80
279	-77
279	-76
279	-75
279	9
279	13
279	14
279	15
279	23
279	30
279	63
279	64
279	65
279	66
279	67
279	68
279	80
279	82
279	83
280	-89
280	-88
280	-87
280	-86
280	-85
280	-84
280	-83
280	-82
280	-67
280	-58
280	-51
280	-18
280	5
280	6
280	8
280	9
280	14
280	64
280	65
280	66
280	67
280	68
280	81
280	82
280	83
281	-89
281	-88
281	-87
281	-86
281	-85
281	-84
281	-83
281	-82
281	-81
281	-77
281	-76
281	-68
281	-63
281	-26
281	1
281	6
281	7
281	8
281	9
281	39
281	63
281	64
281	65
281	66
281	67
281	68
281	76
281	82
281	83
282	-89
282	-88
282	-87
282	-86
282	-85
282	-84
282	-83
282	-82
282	-67
282	-63
282	-62
282	-39
282	-24
282	-13
282	1
282	2
282	3
282	4
282	5
282	6
282	7
282	63
282	64
282	65
282	66
282	67
282	68
282	81
282	82
283	-89
283	-88
283	-87
283	-86
283	-85
283	-84
283	-83
283	-82
283	-78
283	-77
283	-76
283	-75
283	-69
283	-67
283	-66
283	-62
283	-49
283	-48
283	-42
283	-41
283	-40
283	-39
283	-38
283	-37
283	-29
283	-27
283	-26
283	-25
283	-24
283	1
283	2
283	3
283	4
283	5
283	6
283	64
283	65
283	66
283	67
283	68
283	77
283	81
283	82
284	-89
284	-88
284	-87
284	-85
284	-83
284	-77
284	-76
284	-69
284	-67
284	-66
284	-63
284	-62
284	-60
284	-58
284	-45
284	-44
284	-43
284	-42
284	-41
284	-39
284	-38
284	-37
284	-36
284	-32
284	-28
284	-27
284	-26
284	-25
284	-24
284	-10
284	-9
284	1
284	2
284	3
284	4
284	6
284	66
284	69
284	82
285	-89
285	-88
285	-87
285	-86
285	-85
285	-84
285	-83
285	-76
285	-75
285	-69
285	-68
285	-67
285	-66
285	-63
285	-62
285	-60
285	-45
285	-44
285	-43
285	-42
285	-41
285	-39
285	-38
285	-37
285	-36
285	-33
285	-27
285	-26
285	-25
285	-24
285	-23
285	-16
285	-14
285	-13
285	-10
285	-8
285	-4
285	-2
285	0
285	2
285	63
285	66
285	67
285	68
285	69
285	76
285	82
286	-89
286	-88
286	-87
286	-86
286	-85
286	-84
286	-76
286	-67
286	-62
286	-42
286	-37
286	-25
286	-24
286	-23
286	-22
286	-21
286	7
286	63
286	67
286	68
286	82
287	-89
287	-88
287	-87
287	-86
287	-85
287	-68
287	-66
287	-63
287	-61
287	-43
287	-26
287	-23
287	-22
287	7
287	26
287	27
287	28
287	29
287	67
287	69
287	82
288	-89
288	-88
288	-87
288	-86
288	-85
288	-84
288	-69
288	-67
288	-66
288	-65
288	-64
288	-63
288	-62
288	-60
288	-44
288	-42
288	-11
288	7
288	8
288	26
288	27
288	28
288	30
288	67
288	68
288	69
288	83
289	-89
289	-88
289	-87
289	-86
289	-85
289	-84
289	-65
289	-63
289	-58
289	-45
289	-44
289	-43
289	-34
289	-33
289	-12
289	10
289	18
289	25
289	26
289	27
289	28
289	29
289	31
289	62
290	-89
290	-88
290	-87
290	-86
290	-68
290	-66
290	-65
290	-63
290	-61
290	-58
290	-35
290	-33
290	-32
290	-12
290	-3
290	24
290	25
290	26
290	28
290	29
290	30
290	31
290	67
291	-89
291	-88
291	-87
291	-86
291	-65
291	-62
291	-61
291	-58
291	-33
291	-32
291	-12
291	16
291	23
291	24
291	25
291	26
291	29
291	30
291	31
291	34
291	35
291	43
291	67
291	68
291	85
292	-89
292	-88
292	-87
292	-86
292	-68
292	-66
292	-65
292	-63
292	-58
292	-34
292	-33
292	-32
292	-31
292	-30
292	-20
292	19
292	20
292	21
292	22
292	23
292	24
292	25
292	26
292	29
292	30
292	31
292	32
292	33
292	34
292	35
292	36
292	41
292	42
292	61
293	-89
293	-88
293	-87
293	-86
293	-63
293	-62
293	-61
293	-60
293	-58
293	-35
293	-13
293	19
293	21
293	22
293	23
293	24
293	25
293	26
293	33
293	34
293	35
293	36
293	61
294	-89
294	-88
294	-87
294	-85
294	-62
294	-61
294	-60
294	-59
294	-44
294	-43
294	-38
294	-37
294	-29
294	-28
294	-26
294	-25
294	19
294	21
294	22
294	23
294	24
294	25
294	26
294	33
294	34
294	35
294	36
294	37
294	38
294	39
294	40
294	41
294	59
294	61
294	83
295	-89
295	-88
295	-87
295	-85
295	-61
295	-60
295	-59
295	-58
295	-57
295	-29
295	-26
295	-15
295	-13
295	7
295	22
295	24
295	36
295	37
295	38
295	39
295	40
295	41
295	70
296	-89
296	-88
296	-87
296	-86
296	-81
296	-61
296	-60
296	-59
296	-58
296	-27
296	-24
296	-14
296	1
296	2
296	3
296	4
296	7
296	14
296	36
296	37
296	38
296	39
296	40
297	-89
297	-88
297	-87
297	-86
297	-61
297	-60
297	-59
297	-58
297	-29
297	-28
297	-13
297	-12
297	-11
297	-1
297	0
297	1
297	2
297	3
297	36
297	37
297	38
297	48
298	-89
298	-88
298	-87
298	-85
298	-59
298	-58
298	-57
298	-27
298	-12
298	-11
298	-10
298	-9
298	-8
298	-7
298	-6
298	-5
298	-3
298	-2
298	-1
298	0
298	1
298	2
298	3
298	35
298	36
298	37
299	-89
299	-88
299	-87
299	-86
299	-84
299	-59
299	-58
299	-57
299	-28
299	-27
299	-24
299	-11
299	-10
299	-9
299	-8
299	-7
299	-6
299	-5
299	-4
299	-3
299	-2
299	-1
299	0
299	1
299	2
299	3
299	17
300	-89
300	-88
300	-87
300	-85
300	-59
300	-58
300	-57
300	-50
300	-9
300	-8
300	-7
300	-6
300	-5
300	-4
300	-3
300	-2
300	-1
300	0
300	1
300	2
300	3
300	16
301	-89
301	-88
301	-86
301	-62
301	-59
301	-58
301	-57
301	-56
301	-46
301	-7
301	-6
301	-5
301	-4
301	-3
301	-2
301	-1
301	0
301	1
301	2
301	3
301	31
301	36
301	37
301	38
301	42
301	45
302	-89
302	-88
302	-87
302	-62
302	-59
302	-58
302	-57
302	-56
302	-7
302	-6
302	-5
302	-4
302	-3
302	-2
302	-1
302	0
302	1
302	2
302	3
302	4
302	10
302	35
302	36
302	37
302	38
302	40
302	45
302	46
302	47
302	48
302	83
303	-89
303	-88
303	-87
303	-62
303	-59
303	-58
303	-57
303	-56
303	-50
303	-46
303	-36
303	-7
303	-6
303	-5
303	-4
303	-3
303	-2
303	-1
303	0
303	1
303	2
303	3
303	4
303	8
303	37
303	44
303	45
303	46
303	48
303	84
303	85
304	-89
304	-88
304	-87
304	-86
304	-63
304	-62
304	-59
304	-58
304	-57
304	-56
304	-55
304	-45
304	-7
304	-6
304	-5
304	-4
304	-3
304	-2
304	-1
304	0
304	1
304	2
304	3
304	4
304	8
304	9
304	11
304	45
304	46
305	-89
305	-88
305	-87
305	-63
305	-62
305	-59
305	-58
305	-57
305	-56
305	-55
305	-23
305	-7
305	-6
305	-5
305	-4
305	-3
305	-2
305	-1
305	0
305	1
305	2
305	3
305	4
305	5
305	7
305	8
305	10
305	37
305	47
305	83
306	-89
306	-88
306	-87
306	-77
306	-63
306	-62
306	-58
306	-57
306	-56
306	-55
306	-54
306	-43
306	-26
306	-25
306	-24
306	-7
306	-6
306	-5
306	-4
306	-3
306	-2
306	-1
306	0
306	1
306	2
306	3
306	4
306	5
306	6
306	7
306	8
306	14
306	15
306	16
306	44
306	45
306	46
306	84
307	-89
307	-88
307	-87
307	-86
307	-69
307	-68
307	-67
307	-66
307	-65
307	-64
307	-63
307	-62
307	-58
307	-57
307	-56
307	-55
307	-54
307	-44
307	-43
307	-42
307	-29
307	-7
307	-6
307	-5
307	-4
307	-3
307	-2
307	-1
307	4
307	5
307	6
307	7
307	9
307	44
307	45
307	46
308	-89
308	-88
308	-63
308	-62
308	-58
308	-57
308	-56
308	-55
308	-43
308	-30
308	-29
308	-7
308	-6
308	-5
308	-4
308	-3
308	-2
308	5
308	6
308	43
308	44
308	45
308	46
308	84
309	-89
309	-88
309	-86
309	-63
309	-62
309	-58
309	-57
309	-56
309	-55
309	-39
309	5
309	6
309	7
309	38
309	43
309	44
309	45
309	46
309	47
309	68
309	69
309	83
310	-89
310	-88
310	-86
310	-63
310	-62
310	-61
310	-57
310	-56
310	-55
310	-30
310	5
310	6
310	7
310	33
310	37
310	38
310	39
310	41
310	42
310	43
310	44
310	45
310	46
310	47
310	68
310	82
311	-89
311	-88
311	-70
311	-63
311	-62
311	-61
311	-56
311	-30
311	-14
311	-12
311	5
311	6
311	35
311	36
311	37
311	38
311	39
311	40
311	41
311	42
311	44
311	45
311	46
311	53
311	67
311	68
311	69
312	-89
312	-88
312	-70
312	-63
312	-62
312	-61
312	-40
312	-14
312	-12
312	5
312	6
312	34
312	35
312	36
312	37
312	38
312	39
312	40
312	41
312	42
312	45
312	53
312	67
312	68
312	82
313	-89
313	-88
313	-63
313	-62
313	-61
313	-14
313	-12
313	9
313	35
313	36
313	37
313	38
313	39
313	40
313	41
313	42
314	-89
314	-88
314	-87
314	-63
314	-62
314	-61
314	4
314	5
314	6
314	7
314	36
314	37
314	38
314	39
314	40
314	41
314	42
314	82
315	-89
315	-88
315	-87
315	-86
315	-63
315	-62
315	-29
315	-1
315	1
315	4
315	5
315	6
315	7
315	8
315	9
315	10
315	11
315	19
315	20
315	35
315	36
315	37
315	38
315	39
315	40
315	41
315	42
315	43
315	52
316	-89
316	-88
316	-87
316	-86
316	-74
316	-71
316	-70
316	-62
316	-2
316	0
316	4
316	5
316	6
316	7
316	8
316	9
316	10
316	11
316	13
316	40
316	41
316	42
316	52
316	53
316	82
317	-89
317	-88
317	-74
317	-73
317	-71
317	-62
317	-2
317	-1
317	0
317	4
317	5
317	6
317	7
317	8
317	9
317	10
317	11
317	16
317	41
317	42
317	44
317	52
317	53
318	-89
318	-88
318	-75
318	-73
318	-71
318	-1
318	0
318	4
318	5
318	6
318	7
318	10
318	11
318	26
318	52
319	-89
319	-88
319	-87
319	-73
319	-72
319	-71
319	-2
319	-1
319	0
319	4
319	5
319	6
319	7
319	14
319	15
319	16
319	17
319	43
319	57
319	58
319	59
320	-89
320	-88
320	-72
320	-59
320	0
320	4
320	6
320	7
320	15
320	40
320	42
320	43
320	55
320	56
320	57
320	58
320	59
321	-89
321	-88
321	-87
321	-73
321	-72
321	-27
321	-3
321	0
321	4
321	6
321	7
321	15
321	55
321	60
322	-89
322	-88
322	-87
322	-73
322	-72
322	-60
322	1
322	7
322	14
322	62
322	76
323	-89
323	-88
323	-87
323	-86
323	-72
323	-27
323	1
323	55
323	66
323	76
323	80
324	-89
324	-88
324	-87
324	-86
324	-72
324	-61
324	-37
324	-29
324	-28
324	-27
324	1
324	55
324	66
324	75
324	76
324	80
325	-89
325	-88
325	-87
325	-86
325	-73
325	-72
325	-61
325	-29
325	-28
325	1
325	2
325	24
325	25
325	26
325	27
325	34
325	65
325	66
325	67
325	75
325	76
325	80
326	-89
326	-88
326	-87
326	-86
326	-73
326	-72
326	-62
326	-29
326	-28
326	-27
326	-25
326	-13
326	1
326	2
326	22
326	23
326	24
326	25
326	26
326	27
326	65
326	66
326	67
326	74
326	75
326	76
326	77
326	79
327	-89
327	-88
327	-87
327	-86
327	-72
327	-29
327	-28
327	-27
327	-13
327	22
327	23
327	24
327	25
327	26
327	27
327	64
327	65
327	66
327	67
327	73
327	74
327	75
327	76
327	77
327	79
327	80
328	-89
328	-88
328	-72
328	-63
328	-29
328	-27
328	-13
328	22
328	23
328	24
328	25
328	26
328	27
328	41
328	42
328	64
328	65
328	66
328	67
328	73
328	74
328	75
328	76
328	77
328	78
328	79
329	-89
329	-88
329	-27
329	-26
329	-25
329	22
329	23
329	24
329	25
329	26
329	27
329	38
329	39
329	40
329	41
329	42
329	43
329	63
329	64
329	65
329	66
329	67
329	68
329	69
329	72
329	73
329	74
329	75
329	76
329	77
329	78
330	-89
330	-88
330	-87
330	-86
330	-85
330	-73
330	-72
330	-28
330	-27
330	-26
330	-23
330	21
330	22
330	23
330	24
330	25
330	26
330	27
330	28
330	63
330	64
330	65
330	66
330	67
330	68
330	72
330	73
330	74
330	75
330	76
330	77
330	78
330	79
331	-89
331	-88
331	-87
331	-72
331	-71
331	-70
331	-69
331	-63
331	-51
331	-27
331	-26
331	-25
331	-24
331	-22
331	9
331	10
331	21
331	22
331	23
331	24
331	25
331	26
331	27
331	28
331	29
331	63
331	64
331	65
331	66
331	67
331	68
331	71
331	72
331	73
331	74
331	75
331	76
331	77
331	78
332	-89
332	-88
332	-87
332	-86
332	-72
332	-71
332	-70
332	-69
332	-29
332	-28
332	-27
332	-26
332	-25
332	-20
332	20
332	21
332	22
332	23
332	24
332	25
332	26
332	27
332	28
332	62
332	63
332	64
332	65
332	66
332	67
332	68
332	70
332	71
332	72
332	73
332	74
332	75
332	76
332	77
332	78
333	-89
333	-88
333	-87
333	-71
333	-29
333	-27
333	-26
333	-25
333	-24
333	-23
333	-22
333	-21
333	-6
333	19
333	20
333	21
333	22
333	23
333	24
333	25
333	26
333	27
333	62
333	63
333	64
333	65
333	66
333	67
333	68
333	69
333	70
333	71
333	72
333	73
333	74
333	75
333	76
333	77
333	78
334	-89
334	-88
334	-87
334	-86
334	-73
334	-72
334	-71
334	-25
334	-24
334	-23
334	-22
334	-21
334	19
334	20
334	22
334	23
334	28
334	29
334	30
334	62
334	63
334	64
334	65
334	66
334	67
334	68
334	69
334	70
334	71
334	72
334	73
334	74
334	75
334	76
334	77
334	78
334	79
335	-89
335	-88
335	-87
335	-85
335	-71
335	-51
335	-27
335	-24
335	-23
335	-22
335	-20
335	62
335	63
335	64
335	65
335	66
335	67
335	68
335	69
335	70
335	71
335	72
335	73
335	74
335	75
335	76
335	77
335	78
336	-89
336	-88
336	-72
336	-71
336	-37
336	-36
336	-26
336	-24
336	-23
336	-22
336	-21
336	9
336	10
336	11
336	12
336	13
336	14
336	15
336	16
336	17
336	62
336	63
336	64
336	65
336	66
336	67
336	68
336	69
336	70
336	71
336	72
336	73
336	74
336	75
336	76
336	77
336	78
337	-89
337	-88
337	-87
337	-72
337	-71
337	-70
337	-69
337	-47
337	-46
337	-45
337	-22
337	9
337	10
337	11
337	12
337	13
337	14
337	15
337	16
337	17
337	26
337	27
337	28
337	29
337	30
337	31
337	32
337	45
337	63
337	64
337	65
337	66
337	67
337	68
337	69
337	70
337	71
337	72
337	73
337	74
337	75
337	76
337	77
337	78
338	-89
338	-88
338	-71
338	-56
338	-23
338	9
338	10
338	11
338	12
338	13
338	14
338	15
338	16
338	18
338	29
338	30
338	31
338	32
338	33
338	63
338	64
338	65
338	66
338	67
338	68
338	69
338	70
338	71
338	72
338	73
338	74
338	75
338	76
338	77
338	78
339	-89
339	-88
339	-87
339	-86
339	-71
339	-70
339	-57
339	-37
339	8
339	11
339	13
339	15
339	17
339	24
339	27
339	28
339	29
339	30
339	31
339	32
339	33
339	34
339	36
339	63
339	64
339	65
339	66
339	67
339	68
339	69
339	70
339	71
339	72
339	73
339	74
339	75
339	76
339	77
339	78
339	84
340	-89
340	-88
340	-87
340	-86
340	-72
340	-71
340	-49
340	-48
340	-47
340	20
340	21
340	22
340	23
340	24
340	25
340	26
340	27
340	28
340	29
340	30
340	31
340	32
340	33
340	34
340	63
340	64
340	65
340	66
340	67
340	68
340	69
340	70
340	71
340	72
340	73
340	74
340	75
340	76
340	77
340	78
341	-89
341	-88
341	-87
341	-71
341	-70
341	4
341	19
341	20
341	21
341	22
341	23
341	24
341	25
341	26
341	27
341	28
341	29
341	30
341	31
341	32
341	33
341	34
341	35
341	55
341	63
341	64
341	65
341	66
341	67
341	68
341	69
341	70
341	71
341	72
341	73
341	74
341	75
341	76
341	77
342	-89
342	-88
342	-87
342	-86
342	-71
342	-70
342	-69
342	-48
342	-47
342	-45
342	25
342	26
342	27
342	28
342	29
342	30
342	31
342	32
342	33
342	34
342	63
342	64
342	65
342	66
342	67
342	68
342	69
342	71
342	72
342	73
342	74
342	75
342	76
342	77
343	-89
343	-88
343	-71
343	-70
343	-57
343	-48
343	-47
343	-46
343	-45
343	20
343	22
343	25
343	26
343	27
343	28
343	29
343	30
343	31
343	32
343	33
343	34
343	36
343	63
343	64
343	65
343	66
343	67
343	68
343	71
343	72
343	73
343	74
343	75
343	76
343	77
344	-89
344	-88
344	-87
344	-71
344	-70
344	-69
344	-48
344	-47
344	-46
344	20
344	21
344	22
344	23
344	24
344	25
344	26
344	27
344	28
344	29
344	30
344	31
344	32
344	33
344	34
344	56
344	63
344	64
344	65
344	66
344	67
344	68
344	72
344	73
344	74
344	75
344	76
344	77
344	80
345	-89
345	-88
345	-87
345	-85
345	-78
345	-71
345	-70
345	-69
345	-56
345	-48
345	-47
345	-46
345	-45
345	-38
345	20
345	21
345	23
345	24
345	25
345	26
345	27
345	28
345	29
345	30
345	31
345	32
345	33
345	34
345	35
345	36
345	37
345	38
345	55
345	64
345	65
345	66
345	67
345	72
345	73
345	74
345	75
345	76
345	77
346	-89
346	-88
346	-71
346	-70
346	-69
346	-67
346	-48
346	-47
346	-46
346	-45
346	-3
346	21
346	22
346	23
346	24
346	25
346	26
346	27
346	28
346	29
346	30
346	31
346	32
346	33
346	34
346	35
346	36
346	37
346	55
346	57
346	64
346	65
346	66
346	67
346	72
346	73
346	74
346	75
346	76
346	77
347	-89
347	-88
347	-87
347	-86
347	-70
347	-69
347	23
347	24
347	25
347	26
347	27
347	28
347	29
347	30
347	31
347	32
347	33
347	34
347	35
347	36
347	65
347	66
347	72
347	73
347	74
347	75
347	76
347	77
348	-89
348	-88
348	-87
348	-49
348	-48
348	-47
348	-46
348	-1
348	24
348	25
348	26
348	28
348	29
348	30
348	31
348	32
348	37
348	38
348	39
348	65
348	72
348	73
348	74
348	75
348	76
349	-89
349	-88
349	-87
349	-86
349	-15
349	-14
349	-1
349	7
349	26
349	29
349	30
349	35
349	37
349	38
349	56
349	72
349	73
349	74
349	75
349	76
350	-89
350	-88
350	-87
350	-86
350	-85
350	-50
350	-42
350	28
350	29
350	37
350	38
350	72
350	73
350	74
350	75
350	76
351	-89
351	-88
351	-86
351	-45
351	38
351	72
351	73
351	74
351	75
351	76
352	-89
352	-88
352	-87
352	-85
352	-64
352	-24
352	38
352	39
352	72
352	73
352	74
352	75
352	76
353	-89
353	-88
353	-87
353	-86
353	-85
353	-53
353	-51
353	-31
353	-30
353	19
353	23
353	24
353	38
353	40
353	72
353	73
353	74
353	76
354	-89
354	-88
354	-87
354	-86
354	-45
354	-5
354	8
354	19
354	20
354	38
354	39
354	49
354	72
354	73
354	74
354	75
355	-89
355	-88
355	-87
355	-86
355	-52
355	-33
355	-3
355	19
355	20
355	21
355	38
355	39
355	49
355	72
355	73
355	74
355	75
356	-89
356	-88
356	-87
356	-86
356	-52
356	-51
356	-50
356	-49
356	19
356	20
356	21
356	38
356	40
356	64
356	72
356	73
356	74
356	75
357	-89
357	-88
357	-87
357	-86
357	-52
357	-51
357	-50
357	-49
357	18
357	20
357	21
357	22
357	24
357	38
357	39
357	52
357	64
357	72
357	73
357	74
357	75
358	-89
358	-88
358	-87
358	-86
358	-52
358	-51
358	-50
358	-49
358	-34
358	-12
358	13
358	14
358	16
358	17
358	18
358	19
358	20
358	21
358	23
358	36
358	40
358	42
358	51
359	-89
359	-88
359	-87
359	-86
359	-84
359	-53
359	-52
359	-51
359	-50
359	-49
359	-34
359	14
359	15
359	16
359	17
359	18
359	19
359	20
359	35
359	36
359	37
359	42
359	72
359	73
360	-89
360	-88
360	-87
360	-86
360	-56
360	-52
360	-51
360	-35
360	2
360	14
360	15
360	16
360	17
360	18
360	19
360	20
360	21
360	32
360	42
360	50
360	52
360	65
360	72
360	74
