10	0	
11	0	
20	0	
33	0	
34	0	
41	0	
46	0	
71	0	
79	0	
83	0	
94	0	
99	0	
105	0	
107	0	
116	0	
132	0	
156	0	
165	0	
179	0	
199	0	
206	0	
209	0	
246	0	
259	0	
273	0	
277	0	
335	0	
356	0	
375	0	
377	0	
386	0	
396	0	
401	0	
405	0	
406	0	
412	0	
424	0	
433	0	
445	0	
451	0	
471	0	
473	0	
480	0	
503	0	
513	0	
520	0	
542	0	
548	0	
559	0	
611	0	
632	0	
638	0	
659	0	
661	0	
681	0	
683	0	
689	0	
698	0	
703	0	
726	0	
729	0	
731	0	
750	0	
759	0	
767	0	
768	0	
775	0	
781	0	
790	0	
795	0	
802	0	
820	0	
822	0	
829	0	
839	0	
858	0	
866	0	
890	0	
901	0	
906	0	
910	0	
913	0	
919	0	
968	0	
1049	0	
1062	0	
1073	0	
1095	0	
1102	0	
1117	0	
1124	0	
1128	0	
1156	0	
1166	0	
1192	0	
1196	0	
1236	0	
1245	0	
1247	0	
1267	0	
1275	0	
1277	0	
1279	0	
1346	0	
1347	0	
1368	0	
1369	0	
1383	0	
1385	0	
1399	0	
1435	0	
1447	0	
1462	0	
1474	0	
1493	0	
516	1	 14	
213	1	 16	
1138	1	 21	
1421	1	 24	
358	1	 25	
360	1	 25	
786	1	 25	
794	1	 25	
1337	1	 26	
1426	1	 33	
1	1	 34	
17	1	 34	
1005	1	 35	
840	1	 36	
852	1	 36	
637	1	 37	
643	1	 37	
154	1	 38	
157	1	 38	
635	1	 38	
357	1	 39	
701	1	 39	
702	1	 39	
1380	1	 40	
91	1	 41	
95	1	 41	
1147	1	 43	
1162	1	 43	
460	1	 44	
470	1	 44	
604	1	 46	
1205	1	 46	
411	1	 47	
13	1	 48	
665	1	 49	
1376	1	 49	
716	1	 51	
1285	1	 51	
1364	1	 51	
881	1	 52	
1027	1	 52	
743	1	 54	
744	1	 54	
824	1	 54	
1292	1	 54	
343	1	 56	
801	1	 57	
1320	1	 58	
36	1	 61	
1017	1	 61	
1032	1	 61	
1393	1	 64	
1430	1	 64	
264	1	 65	
279	1	 65	
707	1	 65	
774	1	 65	
803	1	 66	
582	1	 67	
602	1	 67	
614	1	 67	
1331	1	 67	
274	1	 69	
623	1	 69	
1148	1	 69	
1282	1	 69	
1355	1	 69	
1359	1	 69	
849	1	 70	
860	1	 70	
1321	1	 71	
40	1	 73	
101	1	 73	
103	1	 73	
507	1	 73	
624	1	 73	
929	1	 73	
1453	1	 73	
1483	1	 73	
1478	1	 74	
1490	1	 74	
1451	1	 75	
1064	1	 76	
1316	1	 76	
118	1	 77	
121	1	 77	
122	1	 77	
863	1	 77	
871	1	 77	
1031	1	 77	
1021	1	 78	
1036	1	 78	
1367	1	 78	
340	1	 79	
718	1	 79	
1054	1	 79	
109	1	 80	
930	1	 80	
68	1	 81	
202	1	 81	
682	1	 81	
1261	1	 82	
56	1	 83	
1053	1	 83	
540	1	 84	
544	1	 84	
1445	1	 85	
289	1	 86	
292	1	 86	
1169	1	 86	
1431	1	 86	
1465	1	 86	
994	1	 87	
467	1	 88	
579	1	 88	
756	1	 88	
37	1	 89	
47	1	 89	
562	1	 89	
859	1	 89	
1344	1	 89	
384	1	 90	
1290	1	 90	
593	1	 91	
1274	1	 92	
1000	1	 93	
498	1	 94	
1038	1	 94	
104	1	 95	
609	1	 95	
621	1	 95	
1070	1	 95	
84	1	 96	
523	1	 96	
677	1	 96	
59	1	 97	
134	1	 97	
192	1	 97	
981	1	 97	
1067	1	 97	
53	1	 98	
686	1	 98	
854	1	 98	
646	1	100	
867	1	100	
884	1	100	
1153	1	100	
430	1	101	
446	1	101	
754	1	101	
755	1	101	
1423	1	101	
773	1	102	
787	1	102	
893	1	102	
899	1	103	
914	1	103	
31	1	104	
1085	1	104	
1087	1	104	
1119	1	104	
111	1	105	
155	1	105	
196	1	105	
912	1	105	
163	1	107	
625	1	107	
1084	1	107	
1256	1	107	
1348	1	107	
650	1	108	
664	1	108	
714	1	108	
825	1	108	
50	1	109	
63	1	109	
161	1	109	
1304	1	109	
1350	1	109	
1356	1	109	
395	1	110	
521	1	110	
655	1	110	
687	1	110	
1174	1	110	
1240	1	110	
1384	1	110	
174	1	112	
221	1	113	
1181	1	113	
1395	1	113	
1409	1	113	
1411	1	113	
181	1	114	
459	1	114	
610	1	114	
812	1	114	
74	1	115	
228	1	115	
709	1	115	
738	1	115	
747	1	115	
1187	1	115	
1253	1	115	
1417	1	115	
1420	1	115	
6	1	116	
1068	1	116	
1496	1	116	
64	1	117	
81	1	117	
436	1	118	
1273	1	118	
416	1	119	
691	1	119	
695	1	119	
97	1	120	
227	1	120	
728	1	120	
735	1	120	
1308	1	120	
1388	1	120	
86	1	121	
140	1	121	
629	1	121	
722	1	121	
1341	1	121	
1422	1	121	
925	1	122	
938	1	122	
1336	1	122	
1466	1	122	
1476	1	122	
818	1	123	
882	1	123	
1118	1	123	
248	1	125	
249	1	125	
1362	1	125	
1425	1	125	
622	1	126	
1499	1	126	
514	2	 14	125	
865	2	 15	 37	
763	2	 15	 89	
765	2	 15	104	
1037	2	 16	 37	
215	2	 16	125	
1489	2	 19	 83	
1484	2	 19	 91	
1351	2	 19	 96	
807	2	 21	 98	
390	2	 21	109	
1137	2	 21	119	
886	2	 22	 95	
883	2	 22	117	
169	2	 23	 84	
168	2	 23	106	
237	2	 23	119	
827	2	 26	 87	
1339	2	 26	121	
76	2	 27	 51	
1467	2	 28	 89	
1213	2	 28	111	
1470	2	 28	117	
220	2	 29	 66	
1041	2	 29	 75	
214	2	 29	 88	
560	2	 29	 98	
1034	2	 29	 98	
565	2	 29	115	
371	2	 30	 48	
916	2	 30	 55	
896	2	 30	 65	
1436	2	 30	 82	
889	2	 30	 93	
1428	2	 30	110	
85	2	 31	118	
224	2	 32	125	
1500	2	 33	 56	
1363	2	 33	 60	
1495	2	 33	 62	
1352	2	 33	 94	
1317	2	 33	113	
1010	2	 35	110	
1092	2	 36	 87	
1048	2	 37	 42	
878	2	 37	 45	
1449	2	 37	 67	
125	2	 38	 46	
133	2	 38	 51	
197	2	 38	 52	
205	2	 38	 78	
628	2	 38	 95	
98	2	 38	 96	
922	2	 38	126	
27	2	 39	 73	
26	2	 39	112	
350	2	 39	119	
1389	2	 40	117	
685	2	 41	 62	
603	2	 43	 49	
596	2	 43	 79	
640	2	 43	 99	
1195	2	 44	 71	
835	2	 44	 73	
403	2	 44	 87	
421	2	 44	124	
131	2	 46	 51	
434	2	 46	 95	
594	2	 46	 97	
426	2	 46	110	
1199	2	 46	110	
1450	2	 46	121	
1456	2	 46	122	
547	2	 47	 67	
1224	2	 47	 79	
530	2	 47	 88	
1418	2	 47	100	
1427	2	 47	100	
14	2	 48	123	
587	2	 49	 61	
613	2	 49	 79	
595	2	 49	 97	
1378	2	 49	101	
1381	2	 49	104	
1377	2	 49	118	
674	2	 49	124	
936	2	 50	 62	
631	2	 50	 69	
815	2	 51	 85	
1286	2	 51	 90	
1373	2	 51	109	
705	2	 51	121	
567	2	 52	 75	
1051	2	 52	 84	
877	2	 52	 98	
1322	2	 52	 99	
1443	2	 52	110	
1314	2	 52	121	
875	2	 53	 77	
833	2	 54	122	
1226	2	 55	 84	
1424	2	 56	 60	
16	2	 56	 62	
1281	2	 56	 97	
332	2	 56	104	
399	2	 56	106	
995	2	 57	 83	
1002	2	 57	107	
828	2	 57	113	
80	2	 57	120	
814	2	 57	123	
1006	2	 57	123	
494	2	 58	 58	
1301	2	 58	120	
868	2	 59	 67	
1442	2	 60	 60	
1180	2	 60	 75	
1387	2	 60	 94	
741	2	 60	125	
185	2	 61	 64	
348	2	 61	 71	
320	2	 61	 87	
404	2	 61	 92	
586	2	 61	 97	
1412	2	 62	 77	
589	2	 62	 84	
745	2	 62	 84	
684	2	 62	 98	
276	2	 63	 92	
969	2	 64	 77	
1382	2	 64	 81	
102	2	 64	 88	
1437	2	 64	101	
1497	2	 65	 68	
697	2	 65	 70	
3	2	 65	 77	
694	2	 65	 79	
9	2	 65	 90	
903	2	 65	 93	
972	2	 65	 93	
785	2	 65	109	
432	2	 66	 85	
216	2	 66	 88	
792	2	 66	103	
1193	2	 66	110	
444	2	 66	120	
761	2	 66	125	
982	2	 67	 83	
537	2	 67	 88	
1333	2	 67	 99	
879	2	 67	118	
1100	2	 68	121	
1104	2	 68	122	
617	2	 69	 84	
713	2	 69	 88	
627	2	 69	111	
737	2	 69	118	
1069	2	 70	 71	
1228	2	 70	 76	
1008	2	 70	 78	
1266	2	 70	 85	
1271	2	 70	107	
1227	2	 70	121	
1330	2	 71	 89	
137	2	 71	 94	
66	2	 71	106	
363	2	 72	110	
69	2	 72	122	
351	2	 72	124	
44	2	 73	 98	
87	2	 73	 99	
615	2	 73	120	
570	2	 74	 89	
1413	2	 74	 92	
1479	2	 74	122	
1481	2	 74	122	
60	2	 75	 83	
649	2	 75	112	
380	2	 76	 86	
117	2	 76	 87	
1239	2	 76	115	
12	2	 77	 90	
1016	2	 77	 99	
114	2	 77	100	
1473	2	 77	104	
1404	2	 77	122	
838	2	 78	 97	
1370	2	 78	 98	
1042	2	 79	 80	
272	2	 79	 96	
710	2	 79	104	
679	2	 79	120	
1472	2	 80	 96	
21	2	 80	122	
813	2	 80	123	
819	2	 80	123	
704	2	 81	104	
106	2	 81	105	
608	2	 81	107	
711	2	 81	121	
668	2	 82	 96	
1176	2	 82	109	
218	2	 83	106	
210	2	 83	121	
601	2	 84	 91	
1078	2	 84	 98	
175	2	 84	106	
113	2	 84	107	
1229	2	 84	110	
1272	2	 85	110	
1405	2	 85	117	
1185	2	 86	 86	
1214	2	 86	110	
869	2	 87	 89	
1043	2	 87	104	
861	2	 87	110	
841	2	 87	111	
1052	2	 87	113	
607	2	 88	 92	
700	2	 88	 98	
770	2	 88	107	
188	2	 88	111	
236	2	 88	118	
748	2	 89	104	
422	2	 89	106	
388	2	 90	117	
1170	2	 91	 97	
1019	2	 91	102	
55	2	 91	103	
712	2	 91	109	
708	2	 94	120	
1088	2	 95	 97	
894	2	 95	 99	
620	2	 95	107	
437	2	 95	110	
1488	2	 96	 98	
82	2	 96	122	
1379	2	 97	103	
128	2	 97	113	
308	2	 97	119	
1076	2	 97	121	
144	2	 97	123	
1047	2	 98	101	
1354	2	 98	107	
791	2	 98	119	
1335	2	 99	121	
671	2	100	108	
1093	2	100	118	
435	2	102	105	
909	2	102	108	
15	2	102	118	
959	2	103	105	
630	2	103	111	
784	2	103	114	
1045	2	104	105	
1061	2	104	106	
49	2	104	115	
1101	2	104	122	
897	2	105	110	
1018	2	105	116	
160	2	105	124	
1086	2	106	123	
1312	2	108	113	
823	2	108	114	
946	2	108	120	
158	2	108	121	
468	2	109	117	
734	2	109	124	
1090	2	110	111	
1217	2	110	116	
1398	2	110	116	
864	2	110	123	
1386	2	112	126	
239	2	113	123	
1338	2	115	121	
1238	2	115	122	
1126	2	115	123	
619	2	118	126	
1050	2	118	126	
1371	2	119	126	
948	2	120	122	
680	2	121	122	
361	2	124	126	
344	3	 11	 46	 63	
338	3	 11	 48	 72	
1459	3	 12	 35	 77	
1464	3	 12	 37	 82	
1198	3	 14	 50	109	
1200	3	 14	 61	124	
862	3	 15	 45	122	
1013	3	 16	 42	112	
1265	3	 17	 27	 43	
993	3	 17	 48	 81	
985	3	 17	 51	 84	
449	3	 18	 26	 73	
1075	3	 18	 30	106	
1071	3	 18	 44	 94	
1353	3	 19	 77	111	
1439	3	 20	 74	122	
162	3	 20	 84	110	
1434	3	 20	 87	113	
1159	3	 20	 91	104	
159	3	 20	 93	 97	
1081	3	 21	 95	112	
811	3	 21	119	121	
1263	3	 22	 27	 34	
2	3	 22	 65	115	
656	3	 23	 31	 87	
1457	3	 23	 37	 66	
240	3	 23	107	125	
1255	3	 24	 52	 73	
1298	3	 24	 82	102	
1302	3	 24	 95	120	
1419	3	 24	116	126	
568	3	 26	 52	105	
578	3	 26	 75	 88	
826	3	 26	111	121	
1323	3	 27	 62	 98	
963	3	 27	 64	120	
965	3	 27	 77	108	
800	3	 27	 87	 88	
804	3	 27	 97	113	
172	3	 27	 99	123	
843	3	 28	 49	 67	
1486	3	 28	 55	 58	
553	3	 28	 76	109	
1482	3	 28	 80	 87	
556	3	 28	 84	100	
1218	3	 28	114	122	
193	3	 30	 36	 88	
183	3	 30	 43	 80	
1080	3	 30	 44	107	
369	3	 30	 44	123	
911	3	 30	 50	113	
1056	3	 30	 96	114	
1058	3	 30	 97	124	
654	3	 31	 52	 60	
92	3	 31	107	117	
830	3	 32	 40	 49	
265	3	 32	 97	109	
230	3	 32	107	119	
888	3	 33	 54	116	
1432	3	 33	100	118	
1324	3	 33	105	122	
18	3	 34	 91	 92	
19	3	 34	116	117	
1460	3	 35	 37	 45	
1057	3	 36	 42	115	
72	3	 36	 52	124	
1491	3	 36	 58	 87	
1103	3	 36	 76	108	
739	3	 36	103	107	
752	3	 36	106	125	
1223	3	 37	 47	107	
1299	3	 38	 45	 93	
1303	3	 38	 71	116	
990	3	 38	 74	101	
927	3	 38	114	118	
1254	3	 39	102	120	
690	3	 41	 98	106	
108	3	 42	 62	 68	
342	3	 43	 46	 48	
187	3	 43	 53	117	
644	3	 43	 58	124	
359	3	 43	 63	 72	
1477	3	 43	 64	 93	
725	3	 43	 94	124	
723	3	 43	106	125	
372	3	 44	 48	112	
832	3	 44	 50	 97	
1374	3	 44	 74	103	
1293	3	 45	 71	126	
1458	3	 45	 77	 82	
1230	3	 46	 63	102	
1237	3	 46	 94	110	
383	3	 47	 68	111	
311	3	 47	 79	104	
407	3	 47	101	115	
997	3	 48	 51	114	
1177	3	 49	 52	111	
355	3	 49	 62	 76	
347	3	 49	 81	126	
1172	3	 49	100	110	
915	3	 50	 55	119	
844	3	 50	 73	 78	
58	3	 50	 81	113	
924	3	 50	102	108	
673	3	 50	103	106	
48	3	 50	109	122	
633	3	 50	111	121	
1391	3	 50	117	125	
1394	3	 50	120	120	
805	3	 51	102	109	
1257	3	 52	 68	121	
191	3	 52	 78	 86	
415	3	 52	106	108	
100	3	 53	 64	 99	
93	3	 53	 73	 88	
198	3	 53	 81	102	
872	3	 53	 83	115	
1222	3	 53	104	118	
1311	3	 54	100	108	
856	3	 54	107	113	
1231	3	 55	 73	 84	
1429	3	 56	 60	115	
195	3	 56	 65	 77	
136	3	 56	 79	 80	
410	3	 56	 89	118	
541	3	 56	 94	118	
531	3	 56	113	115	
958	3	 57	 66	111	
119	3	 57	 85	 97	
977	3	 57	 88	106	
831	3	 57	103	111	
497	3	 58	 61	 94	
504	3	 58	 61	110	
251	3	 58	 72	118	
243	3	 58	 88	117	
506	3	 58	 91	117	
495	3	 58	105	115	
1406	3	 59	 61	125	
758	3	 59	 66	108	
898	3	 59	112	118	
749	3	 59	112	125	
600	3	 59	117	118	
740	3	 60	 94	106	
1287	3	 60	 95	107	
1202	3	 60	 99	119	
1182	3	 60	110	122	
1186	3	 61	 70	 88	
190	3	 61	 81	106	
400	3	 61	 82	119	
45	3	 61	100	103	
964	3	 62	 70	111	
305	3	 62	 74	107	
978	3	 62	 78	 78	
1309	3	 62	 89	109	
496	3	 62	 94	122	
1396	3	 62	101	122	
499	3	 62	102	116	
944	3	 62	108	120	
345	3	 63	101	105	
943	3	 63	105	118	
905	3	 64	 95	108	
902	3	 64	 99	110	
954	3	 65	 77	114	
699	3	 65	106	121	
973	3	 66	 73	 79	
573	3	 67	 98	115	
976	3	 67	103	122	
1146	3	 68	 69	107	
1109	3	 68	 98	111	
389	3	 68	101	110	
1444	3	 68	118	126	
293	3	 69	 72	117	
667	3	 69	 75	 88	
676	3	 69	 81	102	
720	3	 69	 82	 94	
1294	3	 69	105	108	
719	3	 69	109	109	
1160	3	 69	109	116	
1161	3	 69	113	124	
688	3	 70	106	122	
333	3	 71	 86	 87	
501	3	 71	106	119	
1060	3	 71	112	124	
129	3	 71	115	119	
77	3	 72	 96	 96	
1403	3	 73	 74	 85	
590	3	 73	 76	 97	
456	3	 73	 78	 95	
510	3	 73	 91	105	
1001	3	 73	 93	105	
24	3	 73	112	123	
592	3	 73	114	120	
648	3	 74	 82	103	
1441	3	 74	 87	115	
1158	3	 74	116	125	
1055	3	 75	 76	 98	
23	3	 75	 90	120	
57	3	 75	 91	100	
1438	3	 75	100	100	
1190	3	 75	113	122	
124	3	 76	 77	122	
1105	3	 76	 79	 86	
522	3	 76	 93	 94	
529	3	 76	 94	100	
502	3	 76	115	120	
370	3	 77	 79	105	
51	3	 77	 82	110	
851	3	 77	 86	115	
164	3	 77	 92	121	
597	3	 77	 95	114	
937	3	 77	 96	113	
1485	3	 77	 98	126	
605	3	 78	 81	 84	
998	3	 78	 99	120	
987	3	 78	116	116	
1448	3	 79	 91	125	
989	3	 79	106	110	
319	3	 79	113	115	
1461	3	 80	 85	104	
127	3	 80	 98	103	
1025	3	 80	107	110	
463	3	 81	101	123	
89	3	 81	107	118	
1375	3	 81	112	119	
645	3	 82	 89	103	
391	3	 82	 90	 92	
1327	3	 82	 95	108	
1268	3	 82	 97	102	
1278	3	 82	113	123	
715	3	 82	118	120	
110	3	 83	 85	119	
201	3	 83	 88	107	
318	3	 83	 93	 97	
1077	3	 83	 94	 98	
177	3	 84	 86	 93	
492	3	 84	 92	123	
54	3	 84	102	114	
920	3	 85	110	113	
472	3	 85	115	125	
846	3	 86	 95	123	
1098	3	 86	103	115	
112	3	 87	 95	113	
782	3	 87	 95	113	
1004	3	 87	116	116	
378	3	 87	119	124	
793	3	 88	 95	 97	
1357	3	 88	100	126	
666	3	 88	102	112	
598	3	 88	107	114	
373	3	 90	 90	124	
1107	3	 90	110	118	
379	3	 90	117	126	
362	3	 91	 96	113	
1469	3	 91	 96	115	
706	3	 91	106	115	
1221	3	 91	110	119	
1310	3	 92	109	120	
8	3	 92	116	122	
250	3	 93	100	125	
146	3	 94	 97	110	
1258	3	 94	102	123	
1136	3	 94	106	108	
1114	3	 96	 98	101	
942	3	 96	106	114	
974	3	 97	101	106	
988	3	 97	102	122	
1349	3	 99	108	111	
1289	3	102	108	118	
4	3	102	115	122	
892	3	103	107	115	
923	3	105	113	126	
244	3	106	115	123	
447	3	108	111	114	
145	3	109	122	123	
1026	3	110	115	126	
1150	3	110	123	125	
1234	3	111	112	121	
1007	4	 11	 60	 76	
1012	4	 11	 72	 72	
440	4	 13	 53	 79	
1242	4	 14	 45	 55	
1243	4	 14	 46	 70	
797	4	 16	 29	 45	
799	4	 16	 36	 61	
960	4	 16	 51	114	
453	4	 17	 18	 78	
1259	4	 17	 22	 52	
452	4	 17	 26	 95	
482	4	 18	 33	 67	
1151	4	 20	 74	 84	
120	4	 21	 42	107	
130	4	 21	 62	 96	
1163	4	 21	 69	 79	
1168	4	 21	 81	 90	
1082	4	 21	 94	110	
393	4	 21	 94	115	
5	4	 22	 68	118	
295	4	 22	 83	107	
564	4	 22	 92	101	
291	4	 22	 93	 98	
647	4	 23	 52	103	
1463	4	 23	 61	 89	
1251	4	 24	 52	 68	
1121	4	 24	 55	 73	
1123	4	 24	 61	 79	
178	4	 25	 29	 65	
73	4	 27	 38	109	
1326	4	 27	 83	 89	
170	4	 27	100	113	
842	4	 28	 32	 38	
798	4	 29	 36	 56	
1201	4	 29	 36	 95	
581	4	 29	 77	107	
580	4	 29	 88	 95	
1039	4	 29	 98	113	
1028	4	 29	101	119	
1135	4	 30	 39	 84	
1130	4	 30	 47	111	
219	4	 31	 49	 56	
762	4	 31	 58	 84	
1167	4	 31	 61	 74	
760	4	 31	 62	 86	
275	4	 31	 69	 79	
1157	4	 31	 69	 88	
1446	4	 32	 37	 61	
1455	4	 32	 37	 97	
1315	4	 32	 43	 67	
1079	4	 32	 55	 60	
35	4	 32	 57	 70	
1392	4	 32	 59	115	
1390	4	 32	 61	 91	
1454	4	 32	 67	 84	
260	4	 32	 82	118	
32	4	 32	 88	102	
1360	4	 33	 58	 85	
200	4	 33	 65	116	
885	4	 33	 86	116	
1269	4	 34	 43	 52	
1204	4	 35	 44	104	
1155	4	 35	 74	 76	
194	4	 36	 43	114	
1480	4	 36	 55	 80	
1365	4	 36	 57	 74	
1206	4	 36	 62	 91	
1065	4	 36	 70	 96	
1063	4	 36	 71	114	
1066	4	 36	 79	103	
1340	4	 36	 81	100	
1342	4	 36	 88	107	
1220	4	 37	 70	 79	
834	4	 38	 40	 67	
1131	4	 38	 41	 78	
1494	4	 38	 47	 64	
78	4	 38	 51	 95	
381	4	 38	 52	 86	
96	4	 38	 57	106	
999	4	 38	 59	 97	
387	4	 38	 76	 89	
961	4	 39	 46	 85	
298	4	 39	 55	 86	
366	4	 39	 78	113	
138	4	 39	 82	118	
1252	4	 39	 91	105	
392	4	 42	 58	 83	
385	4	 42	 77	101	
1044	4	 42	 79	 91	
873	4	 43	 79	107	
182	4	 43	 81	 97	
1361	4	 44	 57	 73	
945	4	 46	 71	 86	
225	4	 47	 49	 76	
374	4	 47	 65	 88	
1203	4	 47	 77	105	
299	4	 47	 92	113	
1171	4	 48	 52	 74	
310	4	 49	 62	 89	
980	4	 49	 78	 85	
1184	4	 50	 61	 92	
662	4	 50	107	117	
1433	4	 52	 58	 99	
1033	4	 52	 69	 96	
1246	4	 52	 73	112	
880	4	 54	 54	102	
1108	4	 54	106	107	
1139	4	 55	 61	 71	
1072	4	 55	 88	106	
1291	4	 55	 89	 99	
229	4	 56	 63	 97	
314	4	 56	 72	102	
364	4	 56	 79	 88	
1283	4	 56	 82	 99	
90	4	 57	 71	 84	
1191	4	 57	 74	 99	
1197	4	 57	 79	 82	
126	4	 57	 81	119	
75	4	 57	 93	103	
1179	4	 57	108	119	
408	4	 58	 76	101	
1040	4	 58	 84	 98	
1345	4	 58	 88	100	
660	4	 58	 98	 99	
575	4	 59	 88	 91	
991	4	 60	 72	103	
1207	4	 60	 74	 78	
636	4	 60	 82	 87	
334	4	 60	115	117	
505	4	 62	 62	106	
585	4	 62	 74	 78	
1248	4	 62	 79	 92	
123	4	 62	 81	117	
940	4	 63	 71	110	
1219	4	 63	110	110	
268	4	 63	116	119	
1244	4	 64	 84	 92	
176	4	 64	106	108	
152	4	 66	 99	120	
1141	4	 68	 69	 74	
270	4	 68	 69	 86	
1452	4	 68	 89	100	
88	4	 68	 97	107	
258	4	 69	 72	 94	
1270	4	 69	 83	118	
1046	4	 69	 89	110	
569	4	 70	 88	112	
1145	4	 71	 79	 94	
1059	4	 71	 83	 94	
1241	4	 73	 84	 98	
950	4	 73	 85	 88	
1110	4	 73	 91	 97	
1400	4	 73	 92	104	
1225	4	 74	 74	 98	
653	4	 74	 98	111	
572	4	 76	 84	109	
1096	4	 76	 87	 89	
1328	4	 78	 83	107	
477	4	 79	 79	 92	
1165	4	 79	 81	 94	
455	4	 79	 86	115	
1232	4	 79	 97	116	
180	4	 80	 88	107	
29	4	 80	 91	109	
115	4	 81	 83	 97	
490	4	 81	 86	 95	
1343	4	 81	114	121	
626	4	 83	 83	 94	
1313	4	 83	 89	 98	
634	4	 83	 91	 98	
336	4	 83	 91	116	
517	4	 83	 92	113	
857	4	 83	103	113	
465	4	 85	 86	107	
821	4	 85	102	106	
926	4	 85	102	106	
1295	4	 86	 87	114	
532	4	 88	 96	101	
454	4	 88	102	105	
382	4	 90	 91	113	
142	4	 91	 96	117	
996	4	 92	103	108	
323	4	 93	105	116	
1074	4	 94	106	106	
895	4	 95	113	117	
769	4	107	108	112	
339	4	110	110	116	
1415	4	111	120	124	
533	5	  9	 48	 61	
1300	5	 13	 35	 38	
1297	5	 13	 41	 50	
231	5	 14	 64	 81	
232	5	 14	 77	 93	
955	5	 16	 62	104	
483	5	 18	 47	 82	
962	5	 20	 70	122	
941	5	 20	 78	102	
1173	5	 21	 48	113	
1175	5	 21	 52	 92	
1471	5	 22	 43	 99	
1468	5	 22	 64	 84	
574	5	 22	 88	 91	
62	5	 23	 70	103	
67	5	 23	 92	 93	
257	5	 24	 44	 92	
25	5	 24	 68	 87	
1276	5	 25	 51	 79	
810	5	 28	 59	 82	
528	5	 28	 60	 88	
539	5	 28	 68	 70	
809	5	 28	 68	 88	
1083	5	 29	 32	 83	
184	5	 29	 52	 93	
30	5	 29	 57	 88	
1329	5	 29	 59	 84	
1091	5	 29	 60	 90	
1194	5	 29	 62	 68	
38	5	 29	 70	 87	
1334	5	 29	 85	 94	
1211	5	 30	 36	 74	
478	5	 30	 43	 74	
1208	5	 30	 47	 65	
469	5	 30	 66	 84	
457	5	 30	 76	 77	
1307	5	 31	 32	 38	
1305	5	 31	 35	 41	
425	5	 31	 54	 83	
212	5	 31	 63	 67	
283	5	 31	 78	 97	
423	5	 31	 85	101	
1129	5	 32	 36	 41	
1133	5	 32	 38	 57	
511	5	 32	 83	 94	
189	5	 33	 56	 92	
1372	5	 33	 59	 88	
1402	5	 34	 49	 69	
153	5	 35	 37	 61	
252	5	 35	 49	 86	
1284	5	 35	 51	 60	
1152	5	 35	 68	 79	
1210	5	 35	 70	 71	
255	5	 35	 82	 83	
65	5	 36	 54	 91	
1209	5	 36	 57	 65	
1250	5	 37	 69	101	
420	5	 38	 54	 78	
1492	5	 38	 56	 73	
1142	5	 39	 47	 74	
967	5	 39	 49	 86	
367	5	 39	 62	113	
143	5	 39	 90	 97	
217	5	 40	 52	 54	
847	5	 41	 42	 43	
1023	5	 43	 52	 82	
326	5	 43	 64	 83	
876	5	 43	 89	 92	
147	5	 44	 79	 81	
139	5	 44	 80	 98	
1249	5	 45	 46	 72	
211	5	 47	 60	 67	
1397	5	 47	 76	 96	
1498	5	 47	 84	 92	
939	5	 48	 52	 65	
970	5	 51	 62	114	
418	5	 52	 61	 76	
376	5	 52	 70	 89	
167	5	 53	 62	 65	
1212	5	 53	 68	100	
1416	5	 54	 58	 99	
1113	5	 54	 80	 88	
900	5	 54	 80	102	
891	5	 54	 86	103	
1235	5	 55	 70	 82	
1288	5	 55	 94	119	
1401	5	 56	 58	 69	
489	5	 56	 62	 78	
317	5	 56	 72	 75	
1475	5	 56	 79	 85	
149	5	 56	 81	 99	
349	5	 56	 95	101	
966	5	 57	 70	 73	
428	5	 58	 61	108	
1011	5	 59	 74	104	
1366	5	 59	 85	 91	
817	5	 59	 88	 90	
527	5	 60	 60	 68	
464	5	 60	 61	 65	
353	5	 60	 62	 78	
766	5	 60	 76	 99	
796	5	 60	 81	 94	
241	5	 61	 98	119	
450	5	 61	101	102	
269	5	 62	 66	 69	
1262	5	 62	 80	 84	
337	5	 62	 81	 93	
171	5	 62	 91	 94	
7	5	 64	 73	 92	
223	5	 64	 76	 77	
1260	5	 64	 79	 86	
222	5	 65	 76	 80	
1178	5	 66	 70	 76	
166	5	 66	 86	105	
571	5	 66	 94	 95	
1216	5	 66	 99	101	
509	5	 68	 84	 85	
1164	5	 69	103	108	
1125	5	 69	107	110	
52	5	 70	 92	108	
1024	5	 72	 76	 94	
1264	5	 72	 91	118	
675	5	 74	 80	 89	
398	5	 74	103	104	
330	5	 75	104	110	
1296	5	 76	 94	106	
566	5	 77	 83	 94	
280	5	 78	 79	 84	
267	5	 78	 82	111	
1215	5	 78	109	112	
855	5	 79	101	114	
285	5	 82	 86	110	
1487	5	 83	 91	 93	
733	5	 84	 86	 89	
263	5	 92	 98	112	
1318	5	 93	105	113	
204	5	 97	102	107	
70	5	113	117	118	
538	6	  9	 41	 54	
203	6	 11	 20	 54	
208	6	 11	 27	 52	
439	6	 13	 40	 78	
1094	6	 15	 41	 65	
1089	6	 15	 44	 73	
42	6	 15	 75	 84	
935	6	 16	 48	 96	
932	6	 16	 65	104	
551	6	 18	 43	 68	
550	6	 18	 55	 60	
836	6	 19	 42	 79	
278	6	 19	 67	 68	
207	6	 20	 27	 40	
1132	6	 21	 33	 88	
1134	6	 21	 51	 84	
479	6	 24	 56	 60	
22	6	 24	 59	103	
173	6	 25	 52	 53	
286	6	 27	 39	 82	
461	6	 30	 81	105	
1440	6	 32	 66	 89	
515	6	 32	 83	 92	
488	6	 33	 35	 38	
904	6	 33	 51	 83	
1410	6	 34	 40	 58	
1022	6	 34	 50	 60	
918	6	 35	 47	 85	
341	6	 36	 41	 51	
354	6	 36	 44	 47	
1127	6	 36	 57	 78	
1358	6	 36	 73	 77	
1233	6	 37	 68	 83	
313	6	 37	 70	 76	
429	6	 38	 55	 62	
438	6	 39	 40	 53	
1319	6	 39	 47	 59	
441	6	 39	 55	 78	
1306	6	 39	 57	 98	
1414	6	 40	 56	 73	
352	6	 41	 47	 60	
545	6	 41	 48	 52	
254	6	 41	 49	 83	
951	6	 42	 99	111	
953	6	 42	101	114	
555	6	 43	 55	 70	
346	6	 44	 51	 71	
783	6	 45	 56	 61	
1325	6	 47	 54	 57	
296	6	 49	 67	 74	
297	6	 49	 96	111	
845	6	 50	 64	108	
61	6	 52	 54	 84	
427	6	 52	 71	 80	
557	6	 54	 61	 66	
409	6	 54	 62	 76	
1332	6	 54	 78	 90	
1408	6	 54	 96	 99	
448	6	 55	 55	 66	
458	6	 55	 70	 88	
328	6	 56	 71	 72	
772	6	 58	 65	 86	
591	6	 60	 67	107	
368	6	 60	 70	 71	
186	6	 62	 82	 95	
618	6	 65	 97	 99	
1188	6	 66	 68	 74	
1149	6	 66	 69	 72	
491	6	 66	 71	 92	
1120	6	 66	 76	 95	
561	6	 66	 82	101	
1144	6	 68	 69	 92	
1183	6	 68	 92	 95	
1143	6	 69	 76	 90	
1154	6	 72	 79	 84	
443	6	 77	 80	 91	
956	6	 78	 85	105	
984	6	 81	 84	 92	
563	6	 88	 93	105	
1111	6	 98	106	115	
413	7	 12	 81	100	
928	7	 15	 35	 78	
43	7	 15	 77	 90	
837	7	 19	 41	 72	
233	7	 22	 39	 49	
508	7	 22	 39	 83	
234	7	 22	 44	 47	
512	7	 22	 51	 68	
874	7	 22	 85	 99	
493	7	 23	 35	 69	
487	7	 23	 38	 67	
253	7	 24	 47	110	
957	7	 24	 54	 83	
474	7	 24	 65	 78	
1280	7	 25	 35	 95	
907	7	 26	 33	 71	
908	7	 26	 51	 87	
394	7	 26	 82	 90	
284	7	 27	 55	 78	
1097	7	 30	 41	 44	
262	7	 30	 69	 85	
543	7	 32	 71	 82	
526	7	 32	 80	 86	
1029	7	 33	 51	 58	
1140	7	 33	 51	 66	
771	7	 33	 54	 76	
778	7	 33	 68	 68	
616	7	 34	 65	 71	
148	7	 35	 37	 55	
693	7	 36	 49	 87	
141	7	 37	 52	 56	
150	7	 37	 55	 56	
307	7	 37	 72	 83	
226	7	 39	 47	 88	
261	7	 41	 85	 86	
816	7	 42	 54	 90	
486	7	 43	 43	 60	
315	7	 43	 51	 66	
485	7	 43	 56	 74	
28	7	 43	 59	 68	
1020	7	 43	 59	 73	
39	7	 43	 77	 84	
266	7	 44	 47	 72	
746	7	 46	 68	 90	
288	7	 49	 62	 72	
135	7	 52	 62	 73	
1189	7	 52	 92	100	
414	7	 52	 99	100	
599	7	 53	 56	 60	
657	7	 54	 56	 70	
431	7	 54	 59	 71	
442	7	 55	 59	 83	
1122	7	 55	 63	 66	
518	7	 56	 58	 62	
303	7	 56	100	104	
419	7	 58	 67	 76	
524	7	 62	 71	 78	
324	7	 62	 72	101	
1115	7	 62	 77	 77	
287	7	 62	 77	 86	
519	7	 62	 84	 90	
151	7	 62	 98	 99	
365	7	 65	 76	 79	
281	7	 66	 75	 89	
986	7	 78	 84	 89	
887	7	 83	 89	102	
417	8	 12	 78	103	
475	8	 13	 45	 67	
476	8	 13	 49	 80	
933	8	 15	 47	 82	
535	8	 17	 28	 52	
536	8	 17	 38	 63	
975	8	 18	 35	 57	
971	8	 18	 45	 70	
271	8	 19	 69	 82	
808	8	 21	 54	 63	
870	8	 22	 78	 97	
850	8	 24	 50	 78	
552	8	 24	 52	 63	
949	8	 24	 59	 61	
848	8	 24	 64	 68	
242	8	 25	 44	 62	
983	8	 26	 35	 45	
397	8	 26	 58	 91	
1106	8	 30	 37	 46	
256	8	 30	 79	 91	
788	8	 33	 49	 67	
1030	8	 33	 50	 53	
290	8	 36	 39	 59	
732	8	 36	 43	 49	
696	8	 36	 56	 71	
282	8	 36	 62	 71	
952	8	 38	 54	 61	
947	8	 38	 67	 77	
294	8	 39	 46	 71	
462	8	 45	 49	 66	
302	8	 46	 51	 59	
1407	8	 47	 49	 65	
764	8	 55	 68	 74	
466	8	 57	 64	 76	
402	8	 58	 67	 74	
1035	8	 59	 63	 82	
327	8	 70	 70	 82	
1099	8	 87	 89	 95	
730	9	  6	 41	 73	
724	9	  6	 41	 75	
1112	9	 12	 37	 63	
1116	9	 12	 46	 55	
806	9	 21	 42	 59	
546	9	 24	 28	 38	
247	9	 25	 42	 79	
642	9	 26	 46	 63	
641	9	 26	 54	 71	
992	9	 26	 57	 70	
917	9	 26	 63	 71	
301	9	 27	 44	 62	
481	9	 28	 57	 67	
484	9	 28	 64	 66	
329	9	 29	 39	 59	
779	9	 33	 55	 72	
736	9	 36	 41	 41	
1015	9	 36	 51	 53	
1003	9	 37	 72	 77	
1009	9	 37	 78	 83	
500	9	 39	 51	 56	
238	9	 42	 44	 44	
853	9	 43	 79	 84	
658	9	 45	 46	 66	
757	9	 46	 67	 76	
639	9	 46	 74	 83	
525	9	 47	 49	 56	
534	9	 47	 50	 54	
670	9	 51	 56	 66	
931	9	 52	 67	 92	
751	9	 54	 68	 77	
331	9	 63	 66	 70	
979	9	 79	 91	 92	
776	10	 18	 34	 43	
789	10	 26	 43	 49	
721	10	 27	 28	 49	
652	10	 27	 37	 39	
717	10	 27	 43	 56	
727	10	 28	 56	 66	
322	10	 29	 35	 38	
1014	10	 34	 36	 60	
612	10	 34	 55	 61	
742	10	 35	 43	 51	
554	10	 36	 50	 64	
325	10	 38	 39	 60	
304	10	 46	 53	 71	
678	10	 48	 49	 53	
300	10	 53	 53	 59	
606	10	 55	 56	 56	
692	10	 56	 74	 84	
321	10	 60	 64	 66	
245	10	 61	 64	 86	
235	10	 76	 80	 81	
780	11	 18	 26	 33	
312	11	 24	 41	 46	
921	11	 26	 44	 74	
651	11	 27	 27	 46	
309	11	 27	 34	 76	
588	11	 28	 61	 71	
583	11	 40	 44	 53	
316	12	 24	 35	 59	
663	12	 27	 39	 42	
577	12	 28	 64	 79	
777	12	 33	 34	 54	
306	12	 34	 44	 59	
753	12	 35	 78	 80	
558	12	 36	 46	 54	
672	12	 38	 45	 53	
934	12	 44	 59	 63	
549	12	 49	 52	 71	
576	13	 21	 40	 46	
584	13	 21	 44	 56	
669	13	 37	 38	 42	
