1	0.398765	-77.065724	4.790000
2	0.490079	-6.014072	4.400000
3	0.934958	-17.335988	4.550000
4	1.125494	-10.509523	4.940000
5	1.333920	-5.707618	4.620000
6	2.096911	29.090432	2.060000
7	2.294521	59.149780	2.280000
8	2.352675	-45.747426	3.880000
9	2.816072	-15.467978	4.900000
10	3.308970	15.183596	2.830000
11	3.650685	20.206702	4.800000
12	3.660067	-18.932866	4.460000
13	4.272910	38.681636	4.620000
14	4.581904	36.785224	4.510000
15	4.856978	-8.823921	3.550000
16	5.017750	-64.874791	4.230000
17	6.437800	-77.254246	2.820000
18	6.550841	-43.679829	3.950000
19	6.571046	-42.305981	2.400000
20	6.982077	-33.007167	4.870000
21	7.854086	-48.803514	4.760000
22	7.943162	54.522289	4.740000
23	8.249965	62.931783	4.190000
24	9.220207	33.719344	4.350000
25	9.242852	53.896909	3.680000
26	9.638941	29.311751	4.350000
27	9.831983	30.861024	3.270000
28	10.126835	56.537331	2.250000
29	10.331465	-46.085007	4.600000
30	10.516231	50.512526	4.810000
31	10.838493	-57.463060	4.370000
32	10.866957	47.024546	4.960000
33	10.897380	-17.986605	2.050000
34	11.047505	-10.609551	4.770000
35	11.181324	48.284364	4.480000
36	11.834689	24.267178	4.090000
37	12.170601	7.585079	4.420000
38	12.208423	50.968168	4.910000
39	12.276213	57.815187	3.450000
40	12.453530	41.078911	4.540000
41	13.252060	-1.144260	4.760000
42	13.267486	61.123970	4.800000
43	14.177215	60.716740	2.180000
44	14.188382	38.499345	3.870000
45	14.301667	23.417648	4.400000
46	14.651504	-29.357449	4.310000
47	15.735868	7.890136	4.280000
48	16.521028	-46.718414	3.320000
49	17.096174	-55.245760	3.980000
50	17.147465	-10.182264	3.460000
51	17.186989	86.257090	4.240000
52	17.375523	47.241793	4.260000
53	17.433015	35.620558	2.080000
54	17.775675	55.149901	4.340000
55	17.863418	21.034650	4.660000
56	17.915153	30.089638	4.520000
57	18.437280	24.583713	4.670000
58	18.796338	-45.531664	4.970000
59	18.942337	-68.875927	4.250000
60	19.866646	27.264059	4.750000
61	20.020484	58.231611	5.000000
62	20.585082	45.528778	4.870000
63	21.005854	-8.183257	3.610000
64	21.405145	-14.598796	4.910000
65	21.453968	60.235283	2.680000
66	21.483424	68.130012	4.720000
67	21.914090	45.406687	4.830000
68	22.091363	-43.318234	3.440000
69	22.546313	6.143821	4.840000
70	22.812936	-49.072702	3.940000
71	22.870872	15.345823	3.630000
72	23.482820	59.232040	4.690000
73	24.199345	41.405459	4.100000
74	24.428528	-57.236758	0.540000
75	24.498150	48.628213	3.590000
76	25.145071	40.577049	4.970000
77	25.357892	5.487613	4.440000
78	25.446429	42.613369	4.960000
79	25.681292	-3.690201	4.990000
80	25.915156	50.688732	4.040000
81	26.017012	-15.937480	3.490000
82	26.348461	9.157736	4.270000
83	28.270450	29.578829	3.420000
84	28.388960	3.187537	4.620000
85	28.411424	-46.302669	4.430000
86	28.598856	63.670101	3.350000
87	28.660038	20.808035	2.660000
88	28.733881	-67.647303	4.690000
89	28.989468	-51.608896	3.720000
90	29.000108	68.685242	4.980000
91	29.167492	-22.526785	4.900000
92	29.292002	-47.385277	4.840000
93	29.482155	23.596061	4.770000
94	29.692473	-61.569859	2.860000
95	30.001283	-21.077832	4.000000
96	30.489386	70.907020	4.520000
97	30.575450	54.487541	5.000000
98	30.858773	72.421294	3.950000
99	31.122660	-29.296819	4.700000
100	31.793363	23.462423	2.020000
101	32.121916	37.859077	4.790000
102	32.355568	25.939892	4.980000
103	32.385945	34.987297	3.020000
104	33.249981	8.846717	4.370000
105	33.305517	44.231652	4.830000
106	34.127439	-51.512165	3.550000
107	34.836636	-2.977643	4.950000
108	35.437261	-68.659418	4.080000
109	36.405928	50.278631	4.720000
110	36.487522	-12.290480	4.880000
111	36.746343	-47.703840	4.250000
112	37.039760	8.460054	4.280000
113	37.266441	67.402474	4.630000
114	37.954515	89.264109	2.000000
115	38.021785	-15.244677	4.740000
116	38.461267	-28.232344	4.970000
117	38.968634	5.593246	4.880000
118	39.870653	0.328511	4.070000
119	39.890980	-11.872163	4.830000
120	39.897339	-68.266946	4.110000
121	39.949970	-42.891670	4.740000
122	40.166810	-39.855376	4.120000
123	40.562150	40.193944	4.900000
124	40.825163	3.235819	3.470000
125	40.862970	27.707147	4.650000
126	41.030625	-13.858696	4.250000
127	41.049943	49.228448	4.110000
128	41.235593	10.114146	4.270000
129	41.275771	-18.572563	4.470000
130	41.385977	-67.616617	4.840000
131	41.977253	29.247118	4.520000
132	42.272582	-32.405898	4.460000
133	42.495968	27.260507	3.620000
134	42.618583	-75.066947	4.740000
135	42.646082	38.318644	4.220000
136	42.674209	55.895496	3.760000
137	42.759673	-21.004019	4.770000
138	42.878490	35.059741	4.550000
139	43.564419	52.762479	3.940000
140	44.106874	-8.898144	3.900000
141	44.690292	39.662729	4.690000
142	44.699153	-64.071284	4.980000
143	44.765319	35.183128	4.940000
144	44.928758	8.907365	4.710000
145	45.569884	4.089734	2.550000
146	45.597917	-23.624472	4.090000
147	46.199128	53.506440	2.940000
148	46.294139	38.840274	3.410000
149	46.385047	56.705719	4.770000
150	47.042215	40.955648	2.110000
151	47.266748	49.613278	4.050000
152	47.374048	44.857544	3.790000
153	47.822423	39.611583	4.610000
154	47.907356	19.726677	4.350000
155	47.984458	74.393659	4.840000
156	48.018865	-28.987618	3.800000
157	48.725400	21.044441	4.880000
158	48.958435	-8.819730	4.810000
159	49.592123	-22.511119	4.870000
160	49.682604	34.222653	4.820000
161	49.840400	3.370198	4.850000
162	49.879175	-21.757864	3.740000
163	49.981877	-43.069784	4.260000
164	49.996970	65.652293	4.740000
165	50.084837	29.048458	4.460000
166	50.360661	43.329651	4.950000
167	51.080710	49.861180	1.810000
168	51.203308	9.028870	3.610000
169	51.792302	9.732680	3.730000
170	52.267223	59.940330	4.260000
171	52.344490	-62.937527	4.710000
172	52.478099	58.878750	4.600000
173	52.643682	47.995216	4.340000
174	52.654407	-5.075146	4.740000
175	52.718243	12.936678	4.130000
176	53.232684	-9.458262	3.730000
177	53.446984	-21.632883	4.270000
178	54.122412	48.192634	4.320000
179	54.218263	0.401662	4.300000
180	54.273667	-40.274545	4.590000
181	55.562095	-31.938361	4.980000
182	55.594361	33.965026	4.980000
183	55.708564	-37.313518	4.590000
184	55.731262	47.787551	3.020000
185	55.812091	-9.763395	3.530000
186	56.049906	-64.806903	3.840000
187	56.079717	32.288248	3.860000
188	56.298466	42.578549	3.780000
189	56.509714	63.345047	4.810000
190	56.535565	-12.101589	4.430000
191	56.712031	-23.249723	4.220000
192	56.809755	-74.238962	3.260000
193	57.149495	-37.620155	4.750000
194	57.363522	-36.200250	4.170000
195	57.380341	65.525972	4.420000
196	57.589621	71.332266	4.620000
197	58.427928	-24.612230	4.640000
198	58.533006	31.883636	2.880000
199	58.572925	-2.954730	4.720000
200	59.356022	63.072264	4.950000
201	59.463461	40.010215	2.910000
202	59.507360	-13.508515	2.960000
203	59.686456	-61.400186	4.560000
204	59.741255	35.791033	4.050000
205	59.981181	-24.016215	4.630000
206	60.170065	12.490347	3.420000
207	60.224197	-62.159284	4.510000
208	60.325631	-61.078822	4.960000
209	60.789083	5.989305	3.900000
210	61.173815	22.081926	4.350000
211	61.646014	50.351262	4.280000
212	62.165378	47.712513	4.010000
213	62.710785	-41.993580	4.930000
214	62.966418	-6.837581	4.040000
215	63.500476	-42.294368	3.860000
216	63.598703	-10.256283	4.900000
217	63.606182	-62.473858	3.340000
218	63.722157	40.483671	4.700000
219	63.724426	48.409331	4.150000
220	63.818000	-7.652871	4.420000
221	64.006607	-51.486648	4.260000
222	64.120953	-59.302156	4.440000
223	64.315253	20.578591	4.920000
224	64.473593	-33.798348	3.560000
225	64.560908	50.295502	4.600000
226	64.948349	15.627642	3.650000
227	65.088399	27.350754	4.950000
228	65.102660	34.566725	4.930000
229	65.388195	46.498878	4.820000
230	66.009239	-34.016846	3.960000
231	66.342355	22.293874	4.210000
232	66.576931	22.813582	4.290000
233	66.586422	15.618265	4.490000
234	66.651551	14.713782	4.690000
235	67.154165	19.180432	3.540000
236	67.969447	-0.044011	4.900000
237	68.377303	-29.766492	4.510000
238	68.462158	14.844424	4.650000
239	68.499073	-55.044975	3.260000
240	68.887661	-30.562341	3.810000
241	68.913588	10.160784	4.250000
242	68.980161	16.509301	0.990000
243	69.079757	-3.352459	3.930000
244	69.172622	41.264808	4.250000
245	69.539427	12.510838	4.270000
246	69.545100	-14.304020	3.870000
247	69.818758	15.917977	4.670000
248	70.110464	-19.671493	4.340000
249	70.140469	-41.863753	4.450000
250	70.561253	22.956929	4.270000
251	71.375630	-3.254658	4.020000
252	72.460044	6.961276	3.190000
253	72.477660	37.488275	4.870000
254	72.653007	8.900176	4.360000
255	72.801516	5.605104	3.680000
256	73.133175	14.250642	4.740000
257	73.158251	36.703187	4.780000
258	73.223624	-5.452695	4.380000
259	73.512547	66.342678	4.310000
260	73.562902	2.440672	3.710000
261	73.723866	10.150833	4.660000
262	74.092810	13.514466	4.080000
263	74.248412	33.166090	2.680000
264	74.321652	53.752101	4.460000
265	74.637091	1.714016	4.460000
266	74.814207	37.890245	4.990000
267	74.982238	-12.537416	4.780000
268	75.356586	-20.051918	4.900000
269	75.359770	-7.173966	4.790000
270	75.492226	43.823308	3.030000
271	75.619529	41.075838	3.760000
272	75.773947	21.589962	4.620000
273	75.854542	60.442246	4.030000
274	76.101675	-35.482978	4.570000
275	76.142290	15.404105	4.670000
276	76.365267	-22.371033	3.180000
277	76.377732	-57.472704	4.710000
278	76.628720	41.234474	3.170000
279	76.669295	51.597720	4.980000
280	76.862525	18.645052	4.920000
281	76.962438	-5.086446	2.790000
282	77.286596	-8.754081	4.260000
283	77.424813	15.597232	4.820000
284	78.074593	-11.869219	4.470000
285	78.232920	-16.205468	3.290000
286	78.307824	-12.941292	4.430000
287	78.322839	2.861266	4.480000
288	78.357157	38.484498	4.830000
289	78.439392	-67.185255	4.800000
290	78.634468	-8.201641	0.280000
291	78.851637	32.687600	4.990000
292	79.172330	45.997991	0.080000
293	79.371208	-34.895207	4.820000
294	79.401625	-6.844409	3.600000
295	79.544037	33.371613	4.540000
296	79.785310	40.099052	4.690000
297	79.819176	22.096494	4.950000
298	79.893852	-13.176789	4.280000
299	80.112160	-21.239763	4.740000
300	80.440616	-0.382465	4.720000
301	80.708334	3.544452	4.980000
302	80.986784	-7.808064	4.140000
303	81.106098	17.383534	5.000000
304	81.119236	-2.397146	3.390000
305	81.163091	37.385346	4.990000
306	81.186778	1.846445	4.890000
307	81.282763	6.349702	1.660000
308	81.572973	28.607450	1.680000
309	81.709285	3.095674	4.610000
310	81.908688	21.936965	4.880000
311	82.061347	-20.759441	2.840000
312	82.433257	-1.092239	4.700000
313	82.696049	5.948139	4.230000
314	82.803149	-35.470519	3.870000
315	82.982750	-7.301537	4.610000
316	83.001659	-0.299079	2.230000
317	83.053129	18.594234	4.360000
318	83.181971	32.192022	4.740000
319	83.182566	-17.822289	2.590000
320	83.406324	-62.489825	3.760000
321	83.846518	-4.838358	4.600000
322	84.053389	-1.201920	1.720000
323	84.226616	9.290673	4.090000
324	84.411191	21.142549	3.000000
325	84.686533	-2.600069	3.800000
326	84.721179	-7.212829	4.790000
327	84.796443	4.121467	4.540000
328	84.912250	-34.074108	2.660000
329	85.211311	-1.128787	4.940000
330	85.323828	16.534148	4.840000
331	85.619300	1.474629	4.900000
332	86.115793	-22.448382	3.600000
333	86.193245	-65.735526	4.340000
334	86.738920	-14.821950	3.550000
335	86.821198	-51.066514	3.860000
336	86.939120	-9.669605	2.060000
337	87.254030	24.567535	4.890000
338	87.293492	39.181071	4.520000
339	87.387210	12.651324	4.880000
340	87.456926	-56.166663	4.500000
341	87.739970	-35.768309	3.110000
342	87.760156	37.305573	4.730000
343	87.830399	-20.879089	3.780000
344	87.872496	39.148480	3.970000
345	88.110161	1.855134	4.750000
346	88.278672	-33.801361	4.870000
347	88.331859	27.612262	4.560000
348	88.525229	-63.089627	4.650000
349	88.595760	20.276174	4.400000
350	88.711592	55.706947	4.970000
351	88.792939	7.407063	0.570000
352	88.874655	-37.120668	4.960000
353	89.101220	-14.167700	3.720000
354	89.384208	-35.283280	4.360000
355	89.498566	25.953912	4.830000
356	89.786689	-42.815136	3.940000
357	89.881819	54.284656	3.730000
358	89.882179	44.947433	1.900000
359	89.930288	37.212585	2.650000
360	89.983747	45.936736	4.330000
361	90.013956	-3.074254	4.530000
362	90.460090	-10.597931	5.000000
363	90.595828	9.647277	4.130000
364	90.979937	20.138452	4.640000
365	91.030034	23.263331	4.180000
366	91.246372	-16.484435	4.970000
367	91.538849	-14.935254	4.670000
368	91.881803	-37.252920	5.000000
369	91.893020	14.768472	4.420000
370	92.574620	-54.968645	4.720000
371	92.984983	14.208765	4.460000
372	93.013665	16.130406	4.960000
373	93.713887	-6.274776	3.980000
374	93.719405	22.506799	3.300000
375	93.844538	29.498076	4.330000
376	94.138065	-35.140519	4.370000
377	94.711571	69.319787	4.770000
378	94.905778	59.010964	4.450000
379	94.998334	-2.944493	4.920000
380	95.078302	-30.063367	3.020000
381	95.528451	-33.436400	3.850000
382	95.674939	-17.955918	1.960000
383	95.740112	22.513586	2.900000
384	95.942023	4.592865	4.410000
385	95.987958	-52.695661	-0.630000
386	96.224595	49.287893	4.950000
387	97.042533	-32.580071	4.470000
388	97.204458	-7.033062	4.640000
389	97.240778	20.212133	4.140000
390	97.964027	-23.418422	4.330000
391	98.225947	7.332965	4.510000
392	98.744083	-52.975607	4.380000
393	98.764117	-22.964793	4.530000
394	99.170989	-19.255879	3.950000
395	99.427921	16.399252	2.020000
396	99.440297	-43.195934	3.180000
397	99.472590	-18.237478	4.430000
398	99.819663	-14.145764	4.820000
399	99.832610	42.488877	4.790000
400	100.244420	9.895754	4.670000
401	100.983025	25.131124	3.010000
402	101.287155	-16.716116	-1.440000
403	101.558883	59.441670	4.870000
404	101.832628	8.037254	4.770000
405	101.965205	2.412159	4.470000
406	102.047718	-61.941392	3.250000
407	102.460246	-32.508478	3.530000
408	102.463808	-53.622449	4.410000
409	102.484035	-50.614560	2.940000
410	102.691435	41.781230	4.980000
411	102.718135	-34.367319	4.990000
412	103.197243	33.961254	3.610000
413	103.387114	-20.224254	4.820000
414	103.533136	-24.184211	3.840000
415	103.547491	-12.038628	4.070000
416	103.660983	13.177827	4.700000
417	103.905962	-20.136497	4.680000
418	104.027691	-14.043430	4.970000
419	104.034270	-17.054242	4.390000
420	104.066627	-48.721144	4.950000
421	104.319191	58.422759	4.360000
422	104.404613	45.094094	4.900000
423	104.656452	-28.972084	1.530000
424	105.016823	76.977408	4.540000
425	105.429782	-27.934830	3.470000
426	105.728236	-4.239231	4.980000
427	105.756136	-23.833291	3.040000
428	105.939553	-15.633286	4.110000
429	105.973365	-49.583920	4.930000
430	106.027216	20.570297	4.010000
431	107.097851	-26.393200	1.840000
432	107.186942	-70.498932	3.760000
433	107.212783	-39.655657	4.830000
434	107.557008	-4.237106	4.920000
435	107.784878	30.245163	4.390000
436	107.913857	39.320549	4.890000
437	107.966084	-0.492764	4.150000
438	108.140106	-46.759305	4.500000
439	108.305627	-45.182739	4.890000
440	108.384661	-44.639739	4.510000
441	108.658920	-48.271927	4.750000
442	109.145805	-27.881179	4.670000
443	109.153474	-23.315594	4.820000
444	109.207602	-67.957152	3.970000
445	109.523245	16.540383	3.580000
446	110.030740	21.982321	3.540000
447	110.556371	-19.016600	4.970000
448	111.023760	-29.303104	2.460000
449	111.412071	9.276097	4.990000
450	111.431650	27.798080	3.790000
451	111.678547	49.211527	4.620000
452	111.787678	8.289316	2.890000
453	112.040810	8.925530	4.330000
454	112.277996	31.784550	4.180000
455	112.307626	-43.301432	3.260000
456	112.449095	12.006564	4.540000
457	112.464219	-23.024287	4.860000
458	112.677509	-30.962281	4.640000
459	112.768599	82.411466	4.890000
460	113.449847	-14.523892	4.960000
461	113.513252	-22.296067	4.450000
462	113.845387	-28.369323	4.650000
463	113.915511	-52.533836	4.930000
464	113.980610	26.895741	4.070000
465	114.342126	-34.968530	4.530000
466	114.575191	-25.364804	4.690000
467	114.791379	34.584346	4.890000
468	114.825493	5.224993	0.400000
469	114.863909	-38.308021	4.840000
470	115.096711	-15.263920	4.970000
471	115.311802	-9.551131	3.940000
472	115.455255	-72.606098	3.950000
473	115.751734	58.710360	4.960000
474	115.828027	28.883510	4.250000
475	115.884944	-28.410885	4.610000
476	115.951955	-28.954826	3.980000
477	116.111893	24.397993	3.570000
478	116.313733	-37.968584	3.620000
479	116.328960	28.026199	1.220000
480	116.531030	18.510044	4.870000
481	117.021535	-25.937169	4.500000
482	117.084004	-47.077723	4.690000
483	117.309563	-46.373205	4.110000
484	117.323563	-24.859786	3.330000
485	118.054312	-40.575786	3.720000
486	118.161026	-38.862812	4.490000
487	118.265145	-49.613044	4.620000
488	118.325661	-48.102934	4.250000
489	118.374226	26.765783	4.980000
490	119.194643	-52.982360	3.460000
491	119.214748	-22.880119	4.200000
492	119.417110	-30.334570	4.790000
493	119.560155	-49.244912	4.470000
494	119.933969	-3.679583	4.940000
495	119.966878	-18.399228	4.610000
496	120.083195	-63.567456	4.810000
497	120.305562	-1.392608	4.680000
498	120.566404	2.334571	4.390000
499	120.879501	27.794332	4.940000
500	120.896028	-40.003148	2.220000
501	121.886037	-24.304324	2.830000
502	121.982471	-68.617062	4.400000
503	122.114363	51.506671	4.800000
504	122.148533	-2.983786	4.360000
505	122.252792	-61.302429	4.750000
506	122.256822	-19.245014	4.400000
507	122.817940	-12.926999	4.720000
508	122.839556	-39.618546	4.420000
509	122.857886	-42.987278	4.760000
510	123.333200	-15.788221	4.990000
511	123.372988	-35.899518	4.780000
512	123.512172	-40.347890	4.430000
513	124.128836	9.185545	3.520000
514	124.631458	-76.919723	4.060000
515	124.638801	-36.659288	4.450000
516	125.160585	-77.484477	4.340000
517	125.345944	-33.054366	4.820000
518	125.628482	-59.509483	1.950000
519	125.632055	-48.490381	4.830000
520	125.708790	43.188131	4.240000
521	126.415135	-3.906424	3.890000
522	126.434144	-66.136890	3.770000
523	127.566125	60.718169	3.360000
524	128.681656	-49.944203	4.980000
525	128.832119	-58.009224	4.850000
526	129.410971	-42.989081	4.140000
527	129.414026	5.703782	4.140000
528	129.689324	3.341435	4.450000
529	129.926974	-29.561084	4.880000
530	130.006132	-12.475372	4.970000
531	130.025598	-35.308352	3.970000
532	130.053411	64.327936	4.590000
533	130.073273	-52.921887	3.600000
534	130.154280	-59.761003	4.330000
535	130.156541	-46.648744	3.810000
536	130.304712	-47.317125	4.770000
537	130.430567	-15.943384	4.870000
538	130.605776	-53.113984	4.830000
539	130.806147	3.398662	4.290000
540	130.821442	21.468501	4.670000
541	130.898073	-33.186386	3.690000
542	130.918223	-7.233730	4.640000
543	131.099779	-42.649276	4.060000
544	131.171248	18.154309	3.930000
545	131.175943	-54.708821	1.940000
546	131.506852	-46.041528	3.900000
547	131.593908	-13.547720	4.320000
548	131.674252	28.759898	4.020000
549	131.677288	-56.769776	4.500000
550	131.693794	6.418809	3.400000
551	132.108211	5.837813	4.350000
552	132.448492	-45.307875	4.950000
553	132.633014	-27.709844	4.020000
554	133.761784	-60.644609	3.840000
555	133.848443	5.945563	3.120000
556	133.881543	-27.681871	4.880000
557	134.080259	-52.723475	4.710000
558	134.243406	-59.229338	4.910000
559	134.621757	11.857701	4.260000
560	134.801891	48.041826	3.140000
561	135.022536	-41.253605	4.460000
562	135.159878	41.782911	3.970000
563	135.611650	-66.396077	4.000000
564	135.636217	67.629619	4.770000
565	135.906383	47.156526	3.580000
566	136.038668	-47.097737	3.750000
567	136.286725	-72.602705	4.470000
568	136.409893	-70.538497	4.670000
569	136.493195	5.092316	4.990000
570	136.632362	38.452215	4.560000
571	136.998994	-43.432589	2.210000
572	137.012002	-25.858536	4.610000
573	137.217734	51.604648	4.460000
574	137.598106	67.134018	4.820000
575	137.729420	63.513633	4.640000
576	137.742022	-58.966896	3.430000
577	137.819667	-62.316977	3.960000
578	138.299898	-69.717208	1.670000
579	138.591079	2.314280	3.890000
580	138.902953	-38.569942	4.920000
581	138.937832	-37.413144	4.630000
582	139.047198	54.021857	4.820000
583	139.050301	-57.541474	4.330000
584	139.272528	-59.275229	2.250000
585	139.711015	36.802597	3.820000
586	139.943259	-11.974853	4.780000
587	140.120909	-9.555695	4.810000
588	140.236718	-62.404632	4.800000
589	140.263755	34.392562	3.130000
590	140.373295	-25.965439	4.710000
591	140.528410	-55.010668	2.480000
592	140.801045	-28.833873	4.720000
593	141.163580	26.182324	4.470000
594	141.826690	-22.343783	4.730000
595	141.896847	-8.658603	1.990000
596	142.287074	-2.768964	4.920000
597	142.311332	-35.951336	4.490000
598	142.675000	-40.466769	3.590000
599	142.805495	-57.034377	3.160000
600	142.882117	63.061861	3.650000
601	142.930117	22.967971	4.300000
602	142.986412	11.299827	4.970000
603	142.995534	-1.184664	4.550000
604	143.301916	-21.115723	5.000000
605	143.555758	36.397558	4.550000
606	143.611043	-59.229753	4.100000
607	143.620249	69.830343	4.560000
608	143.765958	39.621493	4.810000
609	144.206417	-49.355026	4.340000
610	144.272030	81.326382	4.260000
611	144.613701	4.649293	4.670000
612	144.837494	-61.328060	4.520000
613	144.964008	-1.142810	3.900000
614	145.287637	9.892308	3.530000
615	146.050403	-27.769462	4.790000
616	146.311714	-62.507903	3.690000
617	146.462804	23.774255	2.970000
618	146.775507	-65.072007	3.010000
619	147.747324	59.038736	3.780000
620	147.869558	-14.846603	4.110000
621	147.919449	-46.547621	4.580000
622	148.026550	54.064347	4.560000
623	148.190905	26.006951	3.880000
624	148.551330	-25.932344	4.870000
625	148.717536	-19.009360	4.930000
626	149.215590	-54.567791	3.540000
627	150.053361	8.044223	4.670000
628	151.281125	-13.064626	4.600000
629	151.833135	16.762664	3.520000
630	151.857340	35.244693	4.490000
631	151.976128	9.997508	4.370000
632	151.984501	-0.371637	4.480000
633	152.092961	11.967207	1.410000
634	152.234333	-51.811261	4.860000
635	152.646990	-12.354083	3.610000
636	153.434241	-70.037903	3.300000
637	153.683980	-42.121942	3.840000
638	154.172570	23.417311	3.440000
639	154.270732	-61.332304	3.370000
640	154.274131	42.914365	3.440000
641	154.903125	-55.029305	4.560000
642	155.228317	-56.043220	4.496000
643	155.581603	-41.649960	4.820000
644	155.582253	41.499516	3.050000
645	155.742272	-66.901498	4.970000
646	156.032693	65.566423	4.940000
647	156.098776	-74.031612	3.990000
648	156.478393	33.796120	4.730000
649	156.522611	-16.836291	3.820000
650	156.787921	-31.067779	4.270000
651	156.851962	-57.638805	4.680000
652	156.969709	-58.739403	3.830000
653	156.970825	36.707208	4.210000
654	157.583866	-71.992793	4.720000
655	157.656583	55.980536	4.830000
656	157.758581	-73.221490	4.930000
657	157.840925	-53.715484	4.900000
658	158.006098	-61.685332	3.370000
659	158.202799	9.306586	3.850000
660	158.307868	40.425560	4.730000
661	158.772836	75.712948	4.850000
662	158.867109	-78.607786	4.100000
663	158.897074	-57.557636	4.440000
664	159.307185	-27.412634	4.880000
665	159.325590	-48.225620	3.840000
666	159.388635	-13.384543	4.920000
667	159.645637	-16.876572	4.910000
668	159.680053	31.976238	4.680000
669	159.687484	-59.182997	4.740000
670	159.826638	-55.603269	4.280000
671	160.766833	69.076214	4.990000
672	160.884540	-60.566619	4.560000
673	161.445847	-80.540188	4.450000
674	161.692409	-49.420255	2.720000
675	161.713413	-64.383474	4.850000
676	162.406202	-16.193648	3.110000
677	163.327938	34.214871	3.790000
678	163.373568	-58.853171	3.790000
679	163.494757	43.189956	4.670000
680	163.903323	24.749718	4.470000
681	164.179380	-37.137766	4.600000
682	164.943603	-18.298783	4.080000
683	165.038600	-42.225859	4.380000
684	165.140203	3.617494	4.850000
685	165.186677	6.101449	5.000000
686	165.456977	-2.484585	4.720000
687	165.460320	56.382427	2.350000
688	165.582397	20.179842	4.410000
689	165.931953	61.751033	1.820000
690	166.254280	7.336007	4.620000
691	166.332948	-27.293612	4.930000
692	166.635116	-62.424113	4.610000
693	167.147458	-58.975037	3.920000
694	167.415868	44.498487	3.000000
695	167.914539	-22.825847	4.460000
696	168.150054	-60.317625	4.620000
697	168.527089	20.523717	2.560000
698	168.560022	15.429570	3.330000
699	168.800954	23.095502	4.570000
700	169.165420	-3.651601	4.470000
701	169.545571	31.529236	3.790000
702	169.619737	33.094306	3.490000
703	169.782921	38.185557	4.760000
704	169.835198	-14.778541	3.570000
705	170.251695	-54.491019	3.890000
706	170.284143	6.029322	4.050000
707	170.706601	43.482703	4.990000
708	170.802847	-36.164769	5.000000
709	170.981051	10.529509	3.960000
710	171.152463	-10.859323	4.810000
711	171.220516	-17.684010	4.080000
712	171.984333	2.856265	4.940000
713	172.578723	-3.003501	4.760000
714	172.850919	69.331076	3.810000
715	173.250481	-31.857625	3.540000
716	173.690235	-54.264091	4.620000
717	173.945353	-63.019842	3.120000
718	174.170472	-9.802247	4.690000
719	174.237211	-0.823749	4.300000
720	175.053288	-34.744660	4.700000
721	175.223475	-62.090101	4.940000
722	176.190730	-18.350677	4.710000
723	176.321000	8.258119	4.840000
724	176.401746	-66.728763	3.630000
725	176.464829	6.529376	4.030000
726	176.512558	47.779406	3.700000
727	176.628428	-61.178399	4.110000
728	176.629467	-40.500354	4.890000
729	176.996400	20.218931	4.530000
730	177.060563	-66.814910	4.740000
731	177.264907	14.572060	2.130000
732	177.421102	-63.788478	4.320000
733	177.485891	-70.225791	4.970000
734	177.673828	1.764718	3.600000
735	177.786215	-45.173471	4.460000
736	177.963438	-65.205910	4.940000
737	178.227169	-33.908124	4.290000
738	178.457698	53.694760	2.430000
739	179.906556	-78.221839	4.910000
740	180.218292	6.614322	4.660000
741	181.302248	8.732986	4.120000
742	181.720415	-64.613730	4.140000
743	182.103404	-24.728876	4.040000
744	182.531170	-22.619766	3.010000
745	182.912963	-52.368460	3.960000
746	183.786315	-58.748928	2.790000
747	183.856500	57.032617	3.300000
748	183.951542	-17.541929	2.590000
749	184.085575	23.945409	4.930000
750	184.125569	33.061527	4.990000
751	184.392820	-67.960736	4.060000
752	184.586768	-79.312240	4.250000
753	184.609369	-64.003071	4.050000
754	184.976487	-0.666803	3.890000
755	185.087420	3.312574	4.970000
756	185.179275	17.792868	4.730000
757	185.340039	-60.401147	3.590000
758	185.626301	25.846160	4.800000
759	186.006227	51.562257	4.760000
760	186.632330	-51.450635	4.820000
761	186.734468	28.268423	4.340000
762	187.009925	-50.230635	3.910000
763	187.466064	-16.515432	2.970000
764	187.791497	-57.113212	1.650000
765	188.017613	-16.196008	4.310000
766	188.116728	-72.132988	3.840000
767	188.435603	41.357480	4.250000
768	188.596811	-23.396759	2.660000
769	188.712837	22.629258	4.790000
770	188.782332	18.377058	4.990000
771	189.295910	-69.135564	2.690000
772	189.425681	-48.541304	3.850000
773	189.811529	-7.995564	4.650000
774	189.968873	-39.987302	4.640000
775	190.471069	10.235625	4.870000
776	190.485701	-59.685819	4.920000
777	191.408548	-60.981318	4.690000
778	191.570027	-68.108119	3.080000
779	191.594644	-56.488815	4.620000
780	191.930263	-59.688764	1.310000
781	192.671527	-33.999302	4.910000
782	192.924673	27.540713	4.930000
783	193.278776	-48.943315	4.320000
784	193.323934	21.244943	4.920000
785	193.359163	-40.178872	4.270000
786	193.507289	55.959821	1.760000
787	193.588180	-9.538994	4.790000
788	193.648437	-57.177924	4.000000
789	193.663259	-59.146701	4.610000
790	193.900866	3.397470	3.420000
791	194.006948	38.318380	2.890000
792	194.731010	17.409446	4.750000
793	195.068625	30.785022	4.890000
794	195.182083	56.366338	4.940000
795	195.544155	10.959150	2.840000
796	195.567764	-71.548855	3.610000
797	195.888775	-49.527264	4.830000
798	196.569601	-48.463289	4.710000
799	196.727664	-49.906246	4.280000
800	196.794708	27.624741	4.780000
801	197.263626	-23.118070	4.940000
802	197.487465	-5.539010	4.390000
803	197.496986	17.529431	4.320000
804	197.968306	27.878183	4.250000
805	198.013268	-37.803022	4.850000
806	198.073317	-59.920579	4.590000
807	198.428924	40.152885	4.930000
808	198.563102	-59.103235	4.910000
809	198.812253	-67.894589	4.780000
810	199.304218	-66.783438	4.850000
811	199.385586	40.572608	4.710000
812	199.401178	5.469869	4.790000
813	199.601311	-18.311196	4.740000
814	199.730403	-23.171512	3.000000
815	200.149240	-36.712295	2.760000
816	200.658071	-60.988393	4.530000
817	201.002012	-64.535668	4.530000
818	201.298247	-11.161322	1.060000
819	201.863183	-15.973578	4.750000
820	202.107539	13.778787	4.970000
821	202.761038	-39.407304	3.900000
822	202.991188	-6.255816	4.700000
823	203.533045	3.658967	4.920000
824	203.613581	49.015972	4.670000
825	203.673300	-0.595820	3.380000
826	203.699201	37.182415	4.940000
827	204.365118	36.294898	4.910000
828	204.971910	-53.466394	2.280000
829	205.184472	54.681634	4.630000
830	206.421855	-33.043721	4.230000
831	206.664075	-51.432766	4.640000
832	206.815595	17.456906	4.490000
833	206.885157	49.313265	1.860000
834	207.361338	-34.450776	4.290000
835	207.369338	15.797905	4.040000
836	207.376155	-41.687709	3.400000
837	207.404121	-42.473732	3.470000
838	207.428471	21.264106	4.910000
839	207.467848	-18.134168	4.960000
840	207.858082	64.723272	4.610000
841	207.947813	34.444240	4.750000
842	207.956668	-32.994089	4.550000
843	208.302246	-31.927612	4.740000
844	208.671161	18.397717	2.680000
845	208.884941	-47.288375	2.530000
846	209.412015	-63.686696	4.710000
847	209.567775	-42.100753	3.820000
848	209.669785	-44.803584	3.860000
849	210.411639	1.544532	4.240000
850	210.431230	-45.603421	4.340000
851	210.955852	-60.373039	0.640000
852	211.097291	64.375851	3.650000
853	211.511530	-41.179633	4.360000
854	211.592905	-26.682361	3.260000
855	211.670619	-36.369954	2.080000
856	212.212195	77.547514	4.800000
857	212.478398	-53.438946	4.740000
858	212.599723	25.091677	4.820000
859	212.710357	-16.302030	4.940000
860	213.065851	2.409433	4.990000
861	213.223941	-10.273702	4.180000
862	213.370866	51.789965	4.520000
863	213.915301	19.182413	0.160000
864	214.003624	-6.000547	4.080000
865	214.041372	51.367231	4.750000
866	214.095911	46.088306	4.180000
867	214.499248	35.509505	4.810000
868	214.557900	-81.007760	4.900000
869	214.777465	-13.371095	4.520000
870	214.850925	-46.058093	3.550000
871	214.938480	16.306948	4.840000
872	215.081429	-56.386497	4.350000
873	215.139298	-37.885295	4.050000
874	215.177424	-45.187060	4.780000
875	215.654456	-58.459117	4.920000
876	215.759329	-39.511819	4.420000
877	215.774062	-27.754018	4.790000
878	216.299152	51.850744	4.050000
879	216.730142	-83.667884	4.310000
880	216.881430	75.695993	4.240000
881	217.043445	-29.491638	4.980000
882	217.050575	-2.227957	4.840000
883	217.957458	30.371437	3.570000
884	218.019466	38.308252	3.040000
885	218.154402	-50.457158	4.430000
886	218.670071	29.745130	4.470000
887	218.876766	-42.157824	2.340000
888	219.471776	-49.425828	4.050000
889	220.181528	16.418324	4.860000
890	220.411460	8.161764	4.860000
891	220.482315	-47.388200	2.290000
892	220.489962	-37.793499	4.000000
893	220.626747	-64.975139	3.180000
894	220.765098	-5.658207	3.870000
895	220.855680	26.527850	4.810000
896	221.310250	16.964280	4.600000
897	221.562184	1.892886	3.730000
898	221.965453	-79.044751	3.810000
899	222.572125	-27.960371	4.420000
900	222.676360	74.155505	2.060000
901	222.719638	-16.041778	2.750000
902	222.754464	-2.299151	4.930000
903	222.847410	19.100460	4.670000
904	222.909618	-43.575360	4.330000
905	224.295832	-4.346462	4.470000
906	224.395863	65.932460	4.690000
907	224.633028	-43.133960	2.680000
908	224.790350	-42.104187	3.130000
909	225.243119	-8.518943	4.950000
910	225.486510	40.390566	3.480000
911	225.527118	25.008138	4.790000
912	225.725155	2.091303	4.400000
913	225.947100	47.654060	4.830000
914	226.017565	-25.281965	3.280000
915	226.111424	26.947649	4.510000
916	226.825275	24.869196	4.930000
917	227.210907	-45.279862	4.060000
918	227.983649	-48.737819	3.860000
919	228.055375	-19.791711	4.560000
920	228.071229	-52.099247	3.410000
921	228.206617	-44.500414	4.820000
922	228.655497	-31.519121	4.920000
923	228.875679	33.314834	3.470000
924	229.251728	-9.382918	2.610000
925	229.378539	-58.801208	4.070000
926	229.412044	-63.610466	4.850000
927	229.457663	-30.148673	4.340000
928	229.633090	-47.875104	4.280000
929	229.727426	-68.679545	2.880000
930	230.182148	71.834016	3.030000
931	230.343007	-40.647518	3.220000
932	230.451542	-36.261376	3.560000
933	230.534462	-47.927792	4.990000
934	230.670283	-44.689607	3.380000
935	230.788959	-36.858489	4.530000
936	231.049540	-10.322266	4.920000
937	231.122616	37.377167	4.300000
938	231.232395	58.966066	3.300000
939	231.334242	-38.733621	4.610000
940	231.957212	29.105703	3.660000
941	232.853872	77.349352	4.990000
942	232.945757	40.899333	5.000000
943	233.232427	31.359133	4.160000
944	233.544587	-10.064529	4.610000
945	233.671950	26.714693	2.220000
946	233.700613	10.538867	4.120000
947	233.785200	-41.166757	2.780000
948	233.881579	-14.789537	3.920000
949	233.971868	-44.958389	4.550000
950	234.180094	-66.317037	4.110000
951	234.256041	-28.135079	3.600000
952	234.513356	-42.567348	4.340000
953	234.664040	-29.777754	3.660000
954	234.844470	36.635812	5.000000
955	234.941578	-34.411926	4.660000
956	235.070397	-23.818078	4.950000
957	235.297406	-44.661205	4.650000
958	235.387705	19.670402	4.510000
959	235.486659	-19.678828	4.750000
960	235.670917	-34.710407	4.730000
961	235.685688	26.295638	3.820000
962	236.014664	77.794493	4.290000
963	236.066978	6.425627	2.630000
964	236.546902	15.421826	3.660000
965	236.610888	7.353073	4.420000
966	237.184903	18.141564	4.090000
967	237.398526	26.068394	4.600000
968	237.405035	-3.430208	3.550000
969	237.704025	4.477730	3.710000
970	237.739740	-33.627166	3.960000
971	237.744770	-25.751296	4.650000
972	237.808048	35.657382	4.810000
973	237.816287	20.977919	4.740000
974	238.168923	42.451518	4.610000
975	238.402996	-25.327142	4.670000
976	238.456408	-16.729294	4.130000
977	238.785676	-63.430727	2.840000
978	239.113262	15.661617	3.850000
979	239.221152	-29.214073	3.880000
980	239.396883	26.877880	4.140000
981	239.447671	54.749763	4.960000
982	239.547370	-14.279359	4.950000
983	239.712970	-26.114105	2.890000
984	239.876110	-41.744436	4.990000
985	240.030534	-38.396707	3.430000
986	240.083353	-22.621730	2.300000
987	240.360687	29.851061	4.980000
988	240.472274	58.565251	4.010000
989	240.573717	22.804454	4.820000
990	240.699575	46.036705	4.720000
991	240.803738	-49.229696	4.640000
992	240.835929	-25.865240	4.970000
993	240.850789	-38.602541	4.890000
994	240.883648	-57.775075	4.660000
995	241.092235	-11.373054	4.160000
996	241.622659	-45.173185	4.720000
997	241.648103	-36.802288	4.220000
998	242.018857	17.046980	5.000000
999	242.192408	44.934906	4.240000
1000	242.242912	36.490944	4.730000
1001	242.998894	-19.460708	4.130000
1002	242.999953	-10.064253	4.940000
1003	243.075854	-27.926372	4.580000
1004	243.369704	-54.630468	4.950000
1005	243.586415	-3.694323	2.730000
1006	243.859462	-63.685682	3.850000
1007	244.253890	-50.068122	4.980000
1008	244.376199	75.755331	4.960000
1009	244.574577	-28.614021	4.790000
1010	244.580371	-4.692511	3.240000
1011	244.935153	46.313366	3.900000
1012	244.960094	-50.155508	4.010000
1013	245.086690	-78.695745	4.740000
1014	245.159086	-24.169320	4.590000
1015	245.297150	-25.592796	2.910000
1016	245.480060	19.153130	3.740000
1017	245.518121	1.029039	4.820000
1018	245.524267	30.891996	4.850000
1019	245.997859	61.514213	2.730000
1020	246.025767	-20.037327	4.490000
1021	246.353972	14.033269	4.580000
1022	246.396323	-23.447179	4.570000
1023	246.755979	-18.456251	4.260000
1024	246.795983	-47.554786	4.530000
1025	246.950780	-8.371731	4.640000
1026	246.995890	68.768137	4.970000
1027	247.117265	-70.084401	4.910000
1028	247.160616	41.881677	4.900000
1029	247.351920	-26.432003	1.070000
1030	247.551982	-25.115224	4.790000
1031	247.555000	21.489613	2.780000
1032	247.728429	1.983923	3.900000
1033	247.784866	-16.612733	4.290000
1034	247.845555	-34.704366	4.240000
1035	248.034164	-21.466390	4.440000
1036	248.151217	11.488041	4.840000
1037	248.362848	-78.897148	3.870000
1038	248.520920	-44.045315	4.920000
1039	248.525759	42.437041	4.210000
1040	248.970640	-28.216016	2.830000
1041	249.093631	-35.255326	4.170000
1042	249.289741	-10.567090	2.580000
1043	249.686855	48.928342	4.880000
1044	250.229664	64.589046	4.840000
1045	250.321501	31.602726	2.850000
1046	250.393262	-17.742167	4.920000
1047	250.724022	38.922254	3.480000
1048	250.769401	-77.517435	4.230000
1049	251.324240	56.781857	4.850000
1050	251.492683	82.037262	4.220000
1051	252.166229	-69.027715	1.910000
1052	252.309243	45.983323	4.820000
1053	252.446485	-59.041378	3.760000
1054	252.458453	-10.783000	4.640000
1055	252.540887	-34.293232	2.290000
1056	253.501965	10.165359	4.370000
1057	254.007041	65.134796	4.880000
1058	254.417072	9.375033	3.190000
1059	254.655049	-55.990141	3.110000
1060	254.896032	-53.160438	4.050000
1061	255.072391	30.926405	3.910000
1062	255.265008	-4.222644	4.810000
1063	255.782798	14.091947	4.980000
1064	256.205635	-34.122930	4.860000
1065	256.344544	12.740828	4.880000
1066	257.196648	65.714683	3.180000
1067	257.594530	-15.724910	2.430000
1068	258.038306	-43.239189	3.320000
1069	258.661910	14.390333	3.370000
1070	258.757961	24.839204	3.130000
1071	258.761810	36.809162	3.140000
1072	258.837409	-26.602829	4.330000
1073	259.152860	-0.445297	4.740000
1074	259.331533	33.100100	4.810000
1075	259.417727	37.291498	4.630000
1076	260.206921	-12.846875	4.340000
1077	260.251559	-21.112933	4.390000
1078	260.497823	-67.770669	4.760000
1079	260.502410	-24.999546	3.260000
1080	260.920603	37.145946	4.510000
1081	261.324953	-55.529884	2.820000
1082	261.348579	-56.377727	3.320000
1083	261.592567	-24.175309	4.160000
1084	261.628668	4.140360	4.320000
1085	261.657839	-5.086596	4.540000
1086	261.838640	-29.867033	4.280000
1087	262.608175	52.301387	2.800000
1088	262.684625	26.110645	4.390000
1089	262.690982	-37.295811	2.680000
1090	262.774637	-60.683848	3.600000
1091	262.853975	-23.962643	4.800000
1092	262.960389	-49.876145	2.850000
1093	263.054168	86.586461	4.350000
1094	263.402167	-37.103821	1.630000
1095	263.733628	12.560035	2.090000
1096	263.914958	-46.505684	4.580000
1097	264.136804	-38.635308	4.270000
1098	264.237884	68.757970	4.780000
1099	264.329711	-42.997824	1.860000
1100	264.396673	-15.398557	3.540000
1101	264.461304	-8.118771	4.620000
1102	264.866193	46.006332	3.810000
1103	265.099274	-49.415587	4.760000
1104	265.353639	-12.875307	4.240000
1105	265.484824	72.148843	4.570000
1106	265.621979	-39.029983	2.390000
1107	265.857473	-21.683194	4.870000
1108	265.868138	4.567303	2.770000
1109	266.433280	-64.723871	3.590000
1110	266.614695	27.720676	3.420000
1111	266.890103	-27.830789	4.560000
1112	266.896173	-40.126998	3.010000
1113	266.973169	2.707276	3.750000
1114	267.293651	-31.703204	4.810000
1115	267.464508	-37.043304	3.190000
1116	267.546303	-40.090435	4.810000
1117	268.382206	56.872643	3.740000
1118	269.063252	37.250539	3.840000
1119	269.151541	51.488895	2.230000
1120	269.197596	-44.342246	4.860000
1121	269.441190	29.247880	3.700000
1122	269.449188	-41.716295	4.880000
1123	269.625623	30.189277	4.410000
1124	269.756631	-9.773632	3.320000
1125	269.948139	-23.816134	4.740000
1126	270.014234	16.750919	4.670000
1127	270.065828	4.368615	4.790000
1128	270.120877	-3.690269	4.630000
1129	270.161316	2.931567	3.980000
1130	270.376699	21.595782	4.890000
1131	270.438327	1.305076	4.440000
1132	271.255105	-29.580088	4.650000
1133	271.363690	2.500099	4.030000
1134	271.452029	-30.424091	3.630000
1135	271.507918	22.218879	4.990000
1136	271.657796	-50.091477	3.670000
1137	271.826500	8.733867	4.640000
1138	271.837434	9.563847	3.720000
1139	271.885628	28.762489	3.840000
1140	272.020747	-28.457093	4.560000
1141	272.145057	-63.668553	4.330000
1142	272.189545	20.814557	4.370000
1143	272.807344	-45.954418	4.520000
1144	272.930554	-23.701235	4.960000
1145	272.975654	31.405350	4.980000
1146	273.440874	-21.058834	3.840000
1147	273.474305	64.397287	5.000000
1148	274.406813	-36.761686	3.130000
1149	274.513295	-27.042641	4.650000
1150	274.965457	36.064547	4.320000
1151	275.074644	21.961297	4.930000
1152	275.189293	71.337814	4.230000
1153	275.216930	3.377165	4.850000
1154	275.248508	-29.828103	2.700000
1155	275.264094	72.732843	3.570000
1156	275.327503	-2.898825	3.250000
1157	275.806755	-61.493901	4.360000
1158	275.914935	-8.934383	4.670000
1159	275.924540	21.769752	3.850000
1160	276.042993	-34.384616	1.810000
1161	276.337670	-20.541679	4.860000
1162	276.496409	65.563481	4.830000
1163	276.743401	-45.968459	3.490000
1164	276.992669	-25.421700	2.830000
1165	277.207745	-49.070588	4.110000
1166	277.299391	-14.565813	4.690000
1167	277.843439	-62.278302	4.620000
1168	277.939304	-45.914814	4.930000
1169	278.143844	57.045599	4.780000
1170	278.375774	-42.312510	4.620000
1171	278.801778	-8.244073	3.850000
1172	279.234735	38.783692	0.030000
1173	280.568445	-9.052549	4.710000
1174	280.758900	-71.428113	4.010000
1175	280.880220	-8.275215	4.900000
1176	281.080668	-35.641987	4.860000
1177	281.193156	37.605115	4.340000
1178	281.362088	-64.871259	4.780000
1179	281.414110	-26.990778	3.170000
1180	281.415523	20.546308	4.210000
1181	281.518668	26.662130	4.830000
1182	281.755308	18.181519	4.350000
1183	281.793637	-4.747867	4.230000
1184	282.519978	33.362667	3.520000
1185	282.800398	59.388351	4.640000
1186	283.054312	-62.187594	4.220000
1187	283.306440	50.708221	4.910000
1188	283.599395	71.297192	4.820000
1189	283.626182	36.898613	4.280000
1190	283.687022	22.645076	4.590000
1191	283.816357	-26.296722	2.070000
1192	283.833755	43.946089	4.190000
1193	284.237620	-67.233495	4.400000
1194	284.265291	-5.846314	4.820000
1195	284.432507	-21.106654	3.530000
1196	284.615693	-52.938629	4.850000
1197	284.680738	-37.107357	4.830000
1198	284.735928	32.689557	3.250000
1199	284.905656	15.068298	4.020000
1200	285.003440	32.145514	4.940000
1201	285.420113	-5.739115	4.020000
1202	285.652975	-29.880105	2.610000
1203	285.778652	-42.095105	4.740000
1204	286.170757	-21.741496	3.770000
1205	286.352534	13.863478	2.990000
1206	286.562243	-4.882554	3.440000
1207	286.735037	-27.670423	3.320000
1208	287.087374	-40.496703	4.580000
1209	287.368090	-37.904474	4.100000
1210	287.440971	-21.023615	2.900000
1211	287.507320	-39.340796	4.110000
1212	288.138750	67.661541	3.080000
1213	288.439532	39.145968	4.410000
1214	288.479775	57.705102	5.000000
1215	288.885116	-25.256683	4.870000
1216	288.887735	73.355468	4.450000
1217	289.054333	21.390428	4.770000
1218	289.092063	38.133731	4.340000
1219	289.275703	53.368459	3.800000
1220	289.408664	-18.952908	4.880000
1221	290.137103	-5.415766	4.990000
1222	290.167050	65.714531	4.590000
1223	290.418162	-17.847198	3.930000
1224	290.431763	-15.955017	4.580000
1225	290.971569	-40.615940	3.960000
1226	291.031579	29.621337	4.990000
1227	291.374585	3.114775	3.370000
1228	291.629538	0.338570	4.680000
1229	292.176375	24.664905	4.440000
1230	292.426496	51.729779	3.770000
1231	292.680336	27.959681	3.080000
1232	292.943007	34.452968	4.740000
1233	293.089962	69.661176	4.670000
1234	293.522304	7.378941	4.450000
1235	293.645401	19.773403	5.000000
1236	293.804115	-48.099202	4.890000
1237	294.110563	50.221103	4.500000
1238	294.176805	-24.883623	4.610000
1239	294.180323	-1.286601	4.360000
1240	294.222705	-7.027477	4.970000
1241	294.844190	30.153321	4.680000
1242	295.024133	18.013891	4.390000
1243	295.262247	17.476041	4.380000
1244	296.069187	37.354355	4.890000
1245	296.243658	45.130810	2.910000
1246	296.564915	10.613261	2.710000
1247	296.590581	-19.761113	4.880000
1248	296.606667	33.727598	5.000000
1249	296.846916	18.534281	3.830000
1250	297.043134	70.267930	3.840000
1251	297.695829	8.868322	0.930000
1252	297.767118	22.610046	4.910000
1253	298.118200	1.005661	3.870000
1254	298.365397	24.079614	4.600000
1255	298.562007	8.461453	4.720000
1256	298.815406	-41.868288	4.120000
1257	298.828306	6.406763	3.720000
1258	298.907447	52.438948	4.910000
1259	298.959824	-26.299506	4.700000
1260	298.965676	38.486705	4.950000
1261	298.980743	58.845969	4.970000
1262	299.076550	35.083424	3.900000
1263	299.236797	-27.169899	4.530000
1264	299.689281	19.492148	3.510000
1265	299.738328	-26.195767	4.850000
1266	299.934078	-35.276306	4.370000
1267	300.148138	-72.910504	3.950000
1268	300.275201	27.753573	4.660000
1269	300.664503	-27.709845	4.490000
1270	300.704470	67.873565	4.510000
1271	300.889413	-37.940699	4.760000
1272	301.081636	-32.056296	4.990000
1273	301.846485	-52.880793	4.920000
1274	302.181702	-66.182068	3.550000
1275	302.222279	77.711419	4.400000
1276	302.356746	36.839622	4.940000
1277	302.826190	-0.821461	3.250000
1278	303.349440	56.567722	4.280000
1279	303.569247	15.197609	4.950000
1280	303.633470	36.806302	4.950000
1281	303.816231	25.591957	4.770000
1282	303.868007	47.714208	4.000000
1283	303.942222	27.814249	4.520000
1284	304.446674	38.032930	4.790000
1285	305.165900	-12.759080	4.760000
1286	305.252815	-14.781367	3.090000
1287	305.557091	40.256679	2.230000
1288	305.965086	32.190172	4.430000
1289	306.411908	-56.735090	1.920000
1290	307.215058	-17.813687	4.800000
1291	307.348898	30.368555	4.010000
1292	307.395355	62.994105	4.210000
1293	307.412503	-2.885531	4.910000
1294	307.514753	48.951569	4.950000
1295	308.303213	11.303263	4.040000
1296	308.475785	35.250851	4.650000
1297	308.827231	14.674213	4.660000
1298	308.895215	-60.581749	4.760000
1299	309.181802	-2.549957	4.890000
1300	309.387267	14.595091	3.630000
1301	309.391800	-47.291502	3.110000
1302	309.397134	-61.529918	4.860000
1303	309.584511	-1.105121	4.310000
1304	309.630579	21.201174	4.810000
1305	309.909531	15.912080	3.780000
1306	310.357978	45.280338	1.330000
1307	310.864725	15.074581	4.430000
1308	311.009724	-51.920971	4.520000
1309	311.218772	25.270617	4.920000
1310	311.239560	-66.203213	3.420000
1311	311.322396	61.838782	3.420000
1312	311.338034	57.579726	4.520000
1313	311.415640	30.719715	4.230000
1314	311.523888	-25.270898	4.150000
1315	311.664593	16.124296	4.260000
1316	311.852241	36.490717	4.570000
1317	311.918964	-9.495776	3.770000
1318	311.934317	-5.027701	4.460000
1319	312.234545	46.114134	4.860000
1320	312.370671	-46.226826	4.890000
1321	312.492009	-33.779722	4.900000
1322	312.955379	-26.919133	4.110000
1323	313.031993	27.096979	4.570000
1324	313.163473	-8.983318	4.720000
1325	313.311477	44.387261	4.790000
1326	313.640155	28.057621	5.000000
1327	313.702513	-58.454155	3.650000
1328	314.293415	41.167141	3.940000
1329	314.956483	47.520948	4.760000
1330	315.322751	-32.257767	4.670000
1331	316.101252	-19.854991	4.850000
1332	316.232762	43.927852	3.710000
1333	316.486783	-17.232861	4.080000
1334	316.650391	47.648404	4.530000
1335	316.781950	-25.005853	4.520000
1336	317.398532	-11.371693	4.510000
1337	317.585418	10.131579	4.710000
1338	318.234109	30.226916	3.200000
1339	318.620063	10.006961	4.500000
1340	318.697882	38.045317	3.740000
1341	318.955965	5.247845	3.940000
1342	319.353970	39.394681	4.260000
1343	319.479485	34.896898	4.420000
1344	319.484520	-32.172539	4.720000
1345	319.644881	62.585573	2.470000
1346	319.966621	-53.449427	4.500000
1347	320.190176	-40.809469	4.810000
1348	320.521665	19.804508	4.090000
1349	320.561651	-16.834542	4.290000
1350	321.610857	-65.366198	4.230000
1351	321.666775	-22.411333	3.750000
1352	322.164988	70.560716	3.230000
1353	322.180834	-21.807180	4.510000
1354	322.487063	23.638838	4.520000
1355	322.889725	-5.571172	2.890000
1356	323.495219	45.591838	3.990000
1357	323.694019	38.534054	4.870000
1358	324.270130	-19.466012	4.520000
1359	324.437956	-7.854201	4.690000
1360	324.480102	62.081940	4.790000
1361	325.022735	-16.662308	3.680000
1362	325.369360	-77.390046	3.740000
1363	325.480390	71.311417	4.540000
1364	325.523602	51.189622	4.680000
1365	325.664613	-18.866323	4.730000
1366	325.876920	58.780046	4.020000
1367	326.035740	28.742632	4.770000
1368	326.046492	9.875011	2.390000
1369	326.127897	17.350018	4.340000
1370	326.161418	25.645029	4.150000
1371	326.236708	-33.025782	4.340000
1372	326.362190	61.120806	4.310000
1373	326.698365	49.309573	4.250000
1374	326.760188	-16.127286	2.850000
1375	328.482185	-37.364852	3.010000
1376	329.479466	-54.992578	4.410000
1377	330.828517	-2.155363	4.750000
1378	330.840238	-56.785976	4.720000
1379	330.947724	64.627971	4.400000
1380	331.419798	5.058531	4.850000
1381	331.445982	-0.319851	2.940000
1382	331.528689	-39.543353	4.460000
1383	331.609290	-13.869679	4.290000
1384	331.752775	25.345112	3.770000
1385	332.058273	-46.960976	1.770000
1386	332.108051	-34.043841	4.970000
1387	332.451797	72.341207	4.800000
1388	332.496850	33.178224	4.290000
1389	332.549938	6.197865	3.530000
1390	332.713653	58.201261	3.340000
1391	333.469708	39.714927	4.500000
1392	333.759125	57.043587	4.180000
1393	333.903846	-41.346699	4.810000
1394	333.992402	37.748737	4.120000
1395	334.208485	-7.783290	4.170000
1396	334.625393	-60.259588	2.860000
1397	335.256445	46.536569	4.560000
1398	335.330580	28.330529	4.810000
1399	335.379479	12.205186	4.820000
1400	335.414064	-1.387331	3.850000
1401	335.890098	52.229047	4.430000
1402	336.129130	49.476393	4.600000
1403	336.319263	1.377401	4.810000
1404	336.833199	-64.966354	4.500000
1405	336.964676	4.695664	4.800000
1406	337.292776	58.415199	4.070000
1407	337.382593	47.706887	4.350000
1408	337.621917	43.123376	4.530000
1409	337.661734	-10.677950	4.830000
1410	337.822921	50.282491	3.780000
1411	337.876378	-32.346073	4.290000
1412	338.250264	-61.982122	4.950000
1413	338.839086	-0.117498	4.040000
1414	339.343407	51.545123	4.650000
1415	339.815328	39.050269	4.890000
1416	340.128580	44.276305	4.500000
1417	340.163917	-27.043617	4.190000
1418	340.365503	10.831364	3.420000
1419	340.439202	29.307641	4.800000
1420	340.666878	-46.884577	2.120000
1421	340.750572	30.221245	2.940000
1422	340.874903	-41.414347	4.840000
1423	340.896805	-18.830375	4.680000
1424	341.407842	-53.500121	4.850000
1425	341.514616	-81.381615	4.140000
1426	341.632828	23.565654	3.960000
1427	341.673252	12.172888	4.210000
1428	341.871097	83.153830	4.780000
1429	342.138743	-51.316864	3.490000
1430	342.397926	-13.592632	4.040000
1431	342.420069	66.200408	3.500000
1432	342.500803	24.601579	3.510000
1433	343.008479	43.312417	4.940000
1434	343.131395	-32.875504	4.510000
1435	343.153650	-7.579599	3.750000
1436	343.604030	84.346177	4.690000
1437	343.662552	-15.820820	3.270000
1438	343.806970	8.816166	4.910000
1439	343.987081	-32.539628	4.220000
1440	344.108328	49.733544	4.980000
1441	344.412694	-29.622236	1.230000
1442	345.220048	-52.754137	4.120000
1443	345.480270	42.325974	3.640000
1444	345.943573	28.082789	2.470000
1445	345.969225	3.820045	4.500000
1446	346.045763	50.052091	4.650000
1447	346.190224	15.205264	2.490000
1448	346.653407	59.419760	4.850000
1449	346.670180	-23.743111	4.480000
1450	346.719707	-43.520358	4.330000
1451	346.751083	9.409492	4.540000
1452	346.778081	25.468259	4.760000
1453	346.974381	75.387496	4.420000
1454	347.361655	-21.172410	3.680000
1455	347.478768	-22.457616	4.720000
1456	347.589740	-45.246711	3.880000
1457	348.137514	49.406207	4.540000
1458	348.580665	-6.049003	4.230000
1459	348.972895	-9.087737	4.240000
1460	349.212248	-7.726504	4.997000
1461	349.291408	3.282289	3.700000
1462	349.357389	-58.235734	4.000000
1463	349.436029	49.015300	4.830000
1464	349.475897	-9.182513	4.410000
1465	349.656220	68.111445	4.860000
1466	349.706002	-32.532027	4.410000
1467	350.159344	23.740337	4.590000
1468	350.742612	-20.100580	3.960000
1469	351.209427	62.282807	4.970000
1470	351.344934	23.404101	4.430000
1471	351.511609	-20.642014	4.370000
1472	351.733147	1.255608	4.930000
1473	351.992063	6.378992	4.280000
1474	352.288733	12.760554	4.540000
1475	352.508085	58.548920	4.890000
1476	353.242747	-37.818268	4.380000
1477	353.319265	-20.914504	4.710000
1478	353.488282	31.325277	4.980000
1479	353.769017	-42.615075	4.710000
1480	354.391010	46.458152	3.870000
1481	354.462478	-45.492351	4.740000
1482	354.534172	43.268073	4.290000
1483	354.836871	77.632276	3.220000
1484	354.946117	-14.222178	4.980000
1485	354.987670	5.626292	4.140000
1486	355.102117	44.333932	4.150000
1487	355.440858	-17.816533	4.820000
1488	355.511692	1.780041	4.500000
1489	355.680600	-14.544905	4.490000
1490	355.997858	29.361454	4.940000
1491	356.508535	46.420274	4.980000
1492	356.764395	58.651989	4.880000
1493	357.231442	-28.130268	4.580000
1494	358.595968	57.499382	4.510000
1495	359.396158	-64.298231	5.000000
1496	359.439693	25.141401	4.660000
1497	359.668240	-3.555983	4.880000
1498	359.752247	55.754928	4.880000
1499	359.827873	6.863321	4.030000
1500	359.979078	-65.577132	4.500000
