1 52 0 0 71
1 88 0 0 661
3 30 46 112 74
3 39 44 99 46
3 42 51 84 544
4 27 42 45 99
4 28 71 108 79
4 29 75 84 107
4 42 56 103 610
4 45 55 61 10
4 47 58 92 221
5 12 41 67 459
5 16 41 58 582
5 18 21 55 713
5 18 30 72 700
5 28 48 56 14
5 28 50 54 718
5 38 60 71 1493
5 40 41 52 596
5 43 54 75 890
5 56 60 68 49
5 72 73 89 41
6 8 55 65 840
6 10 38 44 1251
6 10 55 57 852
6 15 51 55 607
6 19 25 25 163
6 19 28 44 1381
6 19 36 79 1267
6 20 50 76 237
6 21 38 39 720
6 22 31 47 686
6 23 38 50 737
6 23 47 52 559
6 24 26 49 859
6 24 70 97 467
6 27 71 76 710
6 32 43 61 573
6 33 41 43 743
6 34 43 73 818
6 35 46 49 503
6 39 47 53 787
6 40 51 63 773
6 41 61 66 20
6 44 46 51 1382
6 44 82 105 629
6 45 62 75 1447
6 57 69 70 540
6 67 67 81 1417
7 4 26 61 17
7 5 23 34 801
7 5 26 41 613
7 5 30 40 603
7 5 30 41 814
7 8 32 58 833
7 10 29 52 1255
7 10 39 45 807
7 11 34 42 37
7 11 44 44 47
7 13 37 62 1324
7 13 48 50 1317
7 15 33 34 1427
7 15 59 63 593
7 17 18 35 494
7 17 37 42 968
7 18 21 54 617
7 18 24 36 683
7 18 25 40 504
7 18 28 35 906
7 20 46 59 240
7 21 22 64 161
7 21 35 56 1442
7 21 44 54 1138
7 21 61 74 795
7 22 33 39 601
7 22 46 55 1377
7 22 91 94 560
7 23 42 84 595
7 23 45 66 802
7 23 47 56 1253
7 23 50 72 965
7 24 39 40 1185
7 24 51 59 1017
7 24 54 67 1032
7 25 28 36 1010
7 25 34 61 55
7 26 30 65 632
7 27 30 39 1234
7 27 42 52 1474
7 27 65 85 698
7 28 43 49 1347
7 28 52 62 1257
7 29 71 84 132
7 30 34 55 81
7 30 37 49 854
7 31 36 61 95
7 31 44 46 1341
7 32 35 46 708
7 33 44 51 192
7 33 47 69 155
7 34 35 73 116
7 34 39 51 905
7 35 39 41 115
7 35 49 54 480
7 35 58 81 386
7 36 40 51 91
7 36 55 73 715
7 36 64 74 1441
7 37 43 48 451
7 39 43 53 1362
7 40 41 47 1224
7 40 41 56 436
7 42 42 49 122
7 49 50 64 946
7 49 66 67 969
7 54 62 69 1497
7 68 72 109 227
7 75 78 100 726
8 5 10 59 862
8 8 12 12 1439
8 8 28 35 763
8 9 11 17 1129
8 9 15 25 782
8 10 18 25 403
8 10 39 41 811
8 10 43 64 824
8 11 28 59 688
8 11 33 41 912
8 12 19 26 1466
8 12 30 52 938
8 12 33 50 133
8 13 27 34 707
8 13 90 99 134
8 14 27 45 1393
8 15 31 42 1385
8 15 41 52 622
8 16 25 33 1005
8 17 38 40 131
8 17 41 56 691
8 18 30 32 1495
8 19 30 32 655
8 19 42 44 50
8 20 21 26 768
8 20 46 52 839
8 20 48 65 13
8 21 27 56 767
8 21 43 47 668
8 21 51 68 1137
8 22 22 46 827
8 22 26 35 638
8 22 27 46 822
8 22 28 33 1400
8 22 37 43 826
8 22 44 52 31
8 22 52 77 565
8 23 24 31 124
8 23 40 45 1031
8 23 51 75 156
8 24 39 47 823
8 24 43 48 1359
8 24 48 57 1050
8 24 50 53 681
8 25 31 32 694
8 25 32 47 51
8 26 30 33 748
8 26 30 35 602
8 26 54 63 1301
8 27 30 31 1062
8 27 48 55 719
8 28 34 37 702
8 29 38 38 1321
8 29 39 66 701
8 29 46 60 87
8 30 37 43 819
8 31 44 53 53
8 31 49 64 520
8 31 52 58 84
8 31 69 82 594
8 33 41 48 181
8 33 87 90 731
8 34 49 64 424
8 35 38 40 981
8 35 38 51 750
8 36 42 47 589
8 36 73 79 118
8 37 38 44 1394
8 39 53 54 625
8 41 51 82 1285
8 43 46 51 1166
8 46 53 62 812
8 47 59 76 650
8 48 49 51 562
8 48 51 52 1336
8 48 52 70 63
8 48 66 78 542
8 50 55 64 1043
8 51 56 75 1286
8 65 71 75 471
8 72 73 84 94
9 4 37 41 426
9 6 12 32 804
9 7 14 39 213
9 7 40 60 89
9 8 14 15 1434
9 8 19 31 1467
9 8 34 36 765
9 8 34 39 1330
9 9 12 27 1113
9 9 25 26 177
9 9 25 42 1470
9 9 44 51 106
9 10 13 47 865
9 10 21 27 1082
9 10 24 38 786
9 10 33 35 794
9 11 12 24 1133
9 11 14 37 1108
9 11 21 27 1127
9 11 25 29 897
9 11 34 43 585
9 11 39 42 125
9 12 42 43 1314
9 13 17 44 378
9 14 15 27 1454
9 14 27 38 605
9 14 50 64 1335
9 15 19 31 1411
9 15 35 50 1399
9 15 36 38 664
9 15 37 42 473
9 15 63 68 1351
9 16 22 31 747
9 16 25 48 521
9 16 29 32 1380
9 16 32 38 1500
9 16 37 53 259
9 16 39 47 1472
9 16 41 50 1488
9 17 18 35 679
9 17 24 46 34
9 18 29 42 864
9 18 30 39 82
9 18 36 39 1303
9 18 37 56 623
9 18 38 46 813
9 19 23 25 1052
9 19 33 38 1413
9 19 33 62 1100
9 20 23 25 761
9 20 27 40 648
9 21 36 39 27
9 22 22 31 56
9 22 24 32 860
9 22 24 38 1395
9 22 29 42 849
9 22 33 38 1499
9 23 35 38 640
9 23 41 41 1228
9 23 41 54 775
9 23 44 45 611
9 23 49 65 963
9 23 60 61 587
9 24 52 55 1298
9 25 39 39 1462
9 26 40 45 744
9 26 41 57 356
9 28 35 43 194
9 30 31 38 1322
9 30 52 67 1199
9 30 66 82 1205
9 31 34 39 1110
9 32 54 74 703
9 32 65 70 1449
9 37 43 55 1429
9 39 40 58 1049
9 39 44 58 1369
9 42 53 55 1227
9 43 47 72 1019
9 43 62 77 689
9 47 65 68 239
9 49 49 54 829
9 49 94 97 11
9 51 56 61 1348
9 52 58 98 1192
9 55 59 64 1093
9 60 66 73 793
9 65 76 105 1476
10 3 27 36 842
10 3 28 35 830
10 4 12 56 878
10 4 33 44 434
10 7 8 34 800
10 7 13 45 215
10 7 51 67 1
10 8 28 42 183
10 9 36 46 1299
10 9 45 51 1293
10 10 20 56 697
10 11 36 41 687
10 11 38 39 714
10 12 22 66 574
10 12 27 60 564
10 13 23 34 112
10 13 41 51 1422
10 14 48 52 902
10 15 21 33 1214
10 15 27 46 677
10 15 29 29 57
10 15 48 59 1353
10 16 47 47 741
10 17 32 37 318
10 17 42 47 69
10 18 24 40 1277
10 18 35 58 77
10 18 55 55 1424
10 19 22 47 1368
10 19 42 46 1095
10 20 21 26 1142
10 20 23 50 1473
10 20 24 42 145
10 20 33 40 165
10 20 42 49 1273
10 22 24 24 1371
10 22 25 54 790
10 22 32 42 45
10 23 38 44 1387
10 24 26 26 421
10 24 38 40 44
10 24 41 51 445
10 25 28 34 1386
10 25 30 40 523
10 25 37 45 308
10 26 30 35 712
10 26 45 49 633
10 26 45 49 791
10 27 28 46 843
10 27 33 36 1236
10 27 35 39 1396
10 27 36 50 901
10 27 36 50 1102
10 27 48 64 754
10 27 51 61 608
10 28 31 53 1016
10 28 32 38 1376
10 28 41 45 68
10 28 55 70 1320
10 29 29 34 1256
10 29 30 31 615
10 29 53 62 180
10 29 58 66 1355
10 30 36 41 1131
10 30 37 40 1428
10 30 38 44 1478
10 30 46 46 1436
10 32 32 39 1455
10 33 34 34 1346
10 33 41 52 347
10 34 35 69 350
10 34 37 38 1418
10 34 40 41 680
10 35 41 61 759
10 35 49 55 1289
10 36 36 74 179
10 36 49 52 64
10 36 49 57 1308
10 36 59 66 114
10 36 70 73 695
10 37 44 54 1246
10 38 43 50 412
10 41 42 43 15
10 47 53 59 1126
10 48 54 57 825
10 49 50 63 738
10 52 53 54 1354
10 52 58 66 866
10 54 55 58 174
11 2 34 39 1459
11 2 36 38 1464
11 4 18 45 1339
11 4 21 40 1337
11 7 16 21 1477
11 8 13 34 1011
11 8 19 22 162
11 8 31 36 1489
11 8 34 54 5
11 8 35 42 193
11 9 25 31 449
11 9 27 34 1054
11 9 30 41 1069
11 10 27 32 489
11 12 19 30 158
11 12 22 24 499
11 12 28 39 140
11 13 15 25 1057
11 13 19 29 104
11 13 20 24 871
11 13 20 31 16
11 14 15 16 1130
11 14 25 33 673
11 14 53 57 882
11 15 22 36 1084
11 15 23 40 1435
11 15 31 34 197
11 15 34 36 1460
11 15 38 43 942
11 16 19 32 249
11 16 24 26 1153
11 16 25 25 452
11 16 40 68 1451
11 17 23 29 756
11 17 25 29 169
11 17 27 38 1420
11 17 33 36 614
11 18 23 37 676
11 18 24 38 937
11 18 31 32 635
11 18 31 55 1350
11 18 33 70 1087
11 19 22 28 159
11 19 27 47 624
11 19 28 36 682
11 19 29 51 1331
11 19 34 50 894
11 19 35 47 1117
11 20 23 26 671
11 20 34 49 1485
11 21 21 43 863
11 21 22 32 191
11 21 23 32 1002
11 21 27 27 474
11 22 22 26 1426
11 22 25 27 530
11 22 27 39 1119
11 22 38 45 976
11 23 28 46 729
11 24 25 26 1432
11 24 31 35 1415
11 24 42 52 1174
11 24 46 49 909
11 24 51 55 121
11 25 28 39 146
11 25 36 44 196
11 25 38 53 597
11 25 42 45 277
11 26 29 33 995
11 26 34 46 9
11 26 37 45 867
11 26 39 46 728
11 27 34 44 548
11 28 28 43 340
11 28 29 44 1220
11 28 30 31 1165
11 28 33 35 137
11 28 38 40 98
11 29 32 35 781
11 29 42 46 674
11 30 33 45 973
11 30 38 50 646
11 30 48 51 930
11 31 32 43 83
11 31 52 53 604
11 32 34 46 858
11 32 39 51 422
11 32 55 63 1318
11 33 37 48 157
11 33 48 57 154
11 33 57 61 1266
11 34 39 40 1036
11 34 47 48 841
11 35 44 44 446
11 38 40 57 497
11 38 47 59 454
11 39 46 54 1272
11 39 56 69 456
11 39 72 74 437
11 41 42 47 861
11 42 43 43 1412
11 42 45 51 699
11 44 45 68 1378
11 45 46 76 1425
11 46 53 61 735
11 48 50 52 758
11 49 57 72 24
11 54 71 80 820
11 58 73 74 869
11 61 64 77 129
12 6 11 17 961
12 6 38 43 93
12 6 47 53 100
12 7 18 39 667
12 7 19 21 967
12 7 19 44 590
12 8 13 17 1471
12 8 30 55 2
12 8 31 39 1484
12 9 14 15 1135
12 9 16 31 453
12 9 19 30 1042
12 10 11 21 479
12 10 18 25 176
12 10 23 34 1063
12 10 27 43 575
12 11 14 21 1349
12 11 17 26 1059
12 11 24 27 990
12 12 14 31 889
12 12 27 30 643
12 12 28 29 160
12 13 21 29 1468
12 13 22 30 1333
12 13 42 52 110
12 13 45 50 119
12 14 22 29 662
12 14 24 32 210
12 14 25 42 1374
12 14 30 61 1169
12 14 31 41 600
12 15 17 36 168
12 15 20 34 205
12 15 24 40 1358
12 15 33 48 1044
12 16 21 28 144
12 16 22 42 631
12 16 34 43 1456
12 17 27 30 1391
12 17 37 44 537
12 17 37 44 1187
12 18 21 28 1081
12 18 22 35 628
12 18 29 37 1363
12 19 21 42 36
12 19 24 27 722
12 19 37 42 149
12 20 23 24 924
12 20 37 46 1056
12 20 44 47 1058
12 21 23 30 711
12 21 36 52 988
12 22 22 22 569
12 22 24 38 1230
12 23 25 25 360
12 23 34 37 1021
12 23 41 41 1128
12 24 27 42 547
12 24 28 38 276
12 24 30 34 958
12 24 32 55 40
12 24 36 38 659
12 24 40 42 835
12 24 43 48 1247
12 24 50 59 1156
12 24 53 55 1053
12 25 26 35 630
12 25 27 31 1479
12 25 32 39 33
12 25 33 34 18
12 25 36 46 357
12 25 51 55 684
12 26 31 34 128
12 26 36 39 644
12 26 39 56 1327
12 26 59 64 1383
12 27 28 29 592
12 28 33 56 199
12 28 36 41 999
12 28 44 47 1223
12 29 35 43 586
12 30 32 35 513
12 31 44 58 734
12 32 33 43 1271
12 33 35 48 749
12 33 36 36 1404
12 34 35 59 19
12 35 38 46 498
12 35 39 46 222
12 36 38 39 784
12 36 40 47 126
12 37 41 41 570
12 38 52 56 96
12 39 43 56 1196
12 41 42 44 377
12 41 44 45 620
12 42 56 68 619
12 44 45 62 1409
12 44 52 61 1275
12 50 51 60 477
13 3 14 21 1201
13 3 33 33 528
13 3 33 36 539
13 4 9 18 1080
13 4 12 21 1075
13 4 33 41 911
13 4 40 46 916
13 5 7 14 551
13 5 19 21 1171
13 5 19 21 1175
13 6 21 22 1305
13 6 26 27 1315
13 7 16 21 1195
13 7 18 26 1210
13 7 20 46 649
13 7 22 33 803
13 7 27 30 792
13 8 24 29 936
13 8 36 42 978
13 8 38 44 964
13 8 45 50 200
13 9 23 24 108
13 9 29 48 1344
13 10 16 35 1310
13 10 40 44 195
13 11 19 20 1173
13 12 14 27 1361
13 12 16 21 1206
13 12 20 30 706
13 12 26 27 1183
13 12 31 31 685
13 12 31 36 111
13 13 26 36 1139
13 13 32 34 1490
13 14 20 25 1066
13 14 20 38 896
13 14 26 33 268
13 15 21 24 954
13 15 32 51 1445
13 16 30 36 1258
13 16 30 40 1405
13 16 31 35 26
13 16 40 49 1461
13 16 52 58 1438
13 17 21 42 1000
13 17 22 45 532
13 17 27 44 877
13 17 32 42 723
13 17 36 46 919
13 17 36 48 1067
13 18 20 34 856
13 18 28 31 320
13 18 34 35 1065
13 19 25 34 1352
13 19 26 34 404
13 19 29 44 507
13 20 36 38 430
13 21 39 43 1450
13 22 23 28 1261
13 22 26 27 1482
13 22 34 43 755
13 23 24 30 832
13 23 32 36 1123
13 23 33 36 1421
13 24 25 30 844
13 24 33 40 273
13 25 30 42 1124
13 25 33 36 1245
13 25 33 38 103
13 26 30 40 12
13 26 33 36 943
13 26 40 43 1085
13 26 49 60 170
13 26 51 59 172
13 28 36 39 966
13 28 39 39 1389
13 29 31 32 994
13 29 36 51 1392
13 29 39 46 1430
13 30 32 41 1458
13 31 31 34 690
13 31 34 48 665
13 31 35 41 998
13 31 35 44 1048
13 32 35 36 834
13 32 36 37 1252
13 32 43 63 1088
13 33 38 39 1090
13 33 46 75 989
13 33 50 54 1278
13 34 35 46 579
13 34 40 46 117
13 35 36 45 769
13 35 44 48 1453
13 36 48 48 102
13 36 52 53 838
13 37 41 42 880
13 38 39 44 1403
13 38 43 48 1437
13 40 48 49 709
13 45 49 63 1388
13 46 48 49 923
14 2 11 19 1297
14 2 12 22 1300
14 3 17 24 1194
14 4 24 27 143
14 5 12 13 555
14 5 21 23 138
14 5 28 32 1013
14 7 15 24 1186
14 7 20 44 785
14 7 26 26 217
14 8 19 28 203
14 8 27 36 208
14 9 19 23 944
14 9 19 26 207
14 9 19 29 725
14 11 12 18 1307
14 11 22 22 1274
14 11 27 30 941
14 12 15 20 980
14 12 16 29 171
14 12 18 20 1158
14 12 23 38 1121
14 12 27 35 637
14 12 52 53 1076
14 12 56 58 1104
14 13 16 22 29
14 13 20 28 8
14 13 28 35 1269
14 14 17 27 898
14 14 20 41 348
14 14 22 24 1263
14 14 22 31 1039
14 15 38 39 1365
14 16 18 30 1204
14 16 26 26 770
14 16 26 41 1384
14 16 38 42 1487
14 16 47 47 248
14 17 18 30 959
14 17 34 35 895
14 18 22 35 510
14 19 27 33 85
14 19 31 40 1219
14 19 33 41 3
14 19 47 49 410
14 20 29 48 666
14 20 62 66 982
14 22 29 38 1452
14 23 28 50 815
14 23 29 29 1033
14 24 35 44 1290
14 24 39 41 1239
14 25 26 37 358
14 25 30 38 1237
14 26 29 36 884
14 26 30 39 70
14 28 28 43 660
14 28 34 37 246
14 29 31 38 335
14 29 35 45 653
14 30 31 33 913
14 30 33 42 435
14 30 40 58 209
14 31 34 38 1295
14 33 40 41 416
14 34 49 61 1070
14 34 50 65 60
14 36 40 54 900
14 36 42 48 190
14 37 42 43 1304
14 37 47 48 405
14 39 39 39 21
14 39 43 53 704
14 44 44 56 1025
14 45 49 53 264
14 52 53 56 1483
14 56 72 83 1375
15 3 24 28 1265
15 4 34 34 1037
15 5 11 13 1151
15 6 19 26 1167
15 6 41 44 189
15 6 43 50 224
15 7 12 19 527
15 7 31 41 1225
15 7 34 35 352
15 8 25 41 774
15 8 29 40 572
15 9 12 30 1071
15 9 24 28 185
15 9 24 29 464
15 9 27 38 740
15 10 13 20 232
15 10 42 54 187
15 11 19 23 1092
15 11 28 31 90
15 11 28 32 1155
15 12 12 16 120
15 12 13 20 231
15 12 18 30 299
15 12 53 54 198
15 13 14 18 550
15 13 22 22 450
15 13 22 25 1357
15 13 35 37 1370
15 14 15 18 1221
15 14 16 23 915
15 14 16 24 1136
15 14 26 35 514
15 14 27 28 1028
15 14 32 35 186
15 15 16 24 868
15 15 19 29 66
15 15 21 24 48
15 15 31 42 182
15 15 33 51 883
15 16 20 23 1157
15 16 26 37 395
15 17 17 19 1279
15 17 22 37 974
15 17 25 46 363
15 17 31 45 396
15 17 47 50 948
15 20 25 46 1027
15 20 27 33 1282
15 20 28 33 1046
15 21 22 31 1061
15 21 33 40 1309
15 22 22 26 1018
15 22 25 34 1178
15 22 34 36 903
15 23 25 30 1419
15 23 25 31 142
15 23 36 38 531
15 23 49 52 910
15 24 30 35 400
15 24 42 76 1302
15 25 34 34 252
15 25 40 40 4
15 26 30 34 58
15 26 30 36 1443
15 26 30 37 1026
15 27 33 34 370
15 28 35 47 1444
15 28 42 46 375
15 29 30 32 1141
15 29 32 41 289
15 29 35 36 1496
15 30 32 54 1147
15 31 32 33 254
15 31 36 41 1431
15 32 32 34 821
15 35 35 40 202
15 37 37 39 1047
15 37 37 41 1240
15 37 38 43 1101
15 38 39 41 881
15 39 42 49 627
15 40 49 49 468
15 44 46 49 1465
15 51 53 68 1073
16 2 9 35 1168
16 3 22 28 1259
16 5 13 16 1159
16 6 47 49 230
16 7 12 27 286
16 7 25 42 164
16 8 19 28 1268
16 10 23 35 962
16 11 14 17 945
16 12 19 36 1481
16 12 21 24 1103
16 13 13 25 263
16 13 14 21 311
16 13 27 44 1243
16 14 16 22 1105
16 14 17 17 291
16 14 20 26 1292
16 14 26 27 1146
16 14 34 44 369
16 14 38 39 516
16 15 25 36 1020
16 15 29 47 886
16 16 17 29 130
16 16 20 22 1118
16 16 20 26 1001
16 16 27 29 88
16 17 29 37 1281
16 17 41 42 1193
16 18 18 41 1045
16 18 21 27 92
16 18 26 26 1311
16 18 27 28 1148
16 19 20 35 925
16 19 27 40 1023
16 19 28 31 1008
16 20 23 45 391
16 21 22 25 59
16 21 22 31 1306
16 22 37 39 1254
16 22 43 44 23
16 23 28 38 1162
16 24 25 35 279
16 27 28 35 1051
16 27 35 42 355
16 29 29 34 581
16 31 44 53 940
16 32 33 39 1182
16 32 37 38 1078
16 35 38 47 1074
16 36 37 39 285
16 41 42 43 333
17 2 6 37 1163
17 4 14 30 342
17 4 20 27 374
17 4 26 35 1329
17 7 19 33 298
17 8 10 11 184
17 8 12 14 1115
17 9 18 25 1154
17 9 18 26 250
17 9 21 29 1390
17 10 18 27 1216
17 11 12 17 341
17 11 17 29 295
17 11 21 24 376
17 11 21 25 1132
17 11 31 31 261
17 11 32 42 52
17 11 45 53 541
17 12 19 30 1408
17 13 14 14 314
17 13 14 35 1242
17 13 15 21 1366
17 13 24 28 1291
17 15 16 17 219
17 15 21 21 1134
17 15 26 33 1161
17 15 26 42 752
17 16 19 36 6
17 16 20 34 135
17 16 26 33 1231
17 17 21 25 1213
17 17 41 53 399
17 18 20 33 1222
17 18 29 36 323
17 18 41 53 147
17 19 20 28 1319
17 20 23 30 73
17 20 31 33 228
17 20 32 38 388
17 20 42 65 175
17 21 28 56 506
17 22 23 41 292
17 22 26 52 136
17 22 28 36 1338
17 22 48 49 1312
17 23 31 39 332
17 23 31 39 351
17 24 26 48 972
17 24 27 30 1109
17 24 32 40 1120
17 24 33 38 113
17 25 30 31 1180
17 27 27 33 1098
17 27 31 40 472
17 27 32 41 1379
17 28 35 43 380
17 28 45 50 1004
17 29 45 50 384
17 30 42 42 1145
17 31 35 39 1176
17 31 45 54 101
17 36 54 60 1160
17 36 56 56 270
17 37 40 45 1423
17 43 50 54 415
17 53 54 54 1060
18 1 19 29 338
18 1 19 29 344
18 2 31 36 556
18 3 11 19 233
18 3 14 20 226
18 3 27 44 62
18 5 10 14 178
18 5 21 38 359
18 6 26 32 1406
18 6 36 37 368
18 7 19 24 1152
18 7 19 36 955
18 7 22 44 1006
18 7 27 29 960
18 8 29 35 385
18 9 13 16 354
18 9 24 25 1433
18 10 12 16 783
18 10 16 32 977
18 10 27 31 398
18 10 28 39 418
18 11 16 38 1313
18 11 24 43 1325
18 12 18 23 212
18 13 26 31 1270
18 15 24 27 288
18 15 31 32 899
18 16 21 46 1401
18 16 22 25 1096
18 16 38 39 1238
18 17 19 23 511
18 17 23 34 372
18 17 31 33 1340
18 18 21 24 423
18 19 20 32 365
18 19 24 32 150
18 19 24 33 460
18 19 26 26 470
18 19 33 38 515
18 20 25 29 1172
18 20 27 39 1367
18 21 31 34 1342
18 21 33 35 1077
18 21 33 38 76
18 21 34 39 373
18 22 31 45 987
18 23 25 28 1190
18 23 27 29 1398
18 24 26 28 1416
18 24 26 32 1486
18 24 30 31 75
18 24 30 54 879
18 24 36 38 1217
18 27 32 44 805
18 31 37 49 1343
18 32 34 34 920
18 32 37 45 105
18 32 40 45 855
18 46 47 50 1181
19 2 35 39 553
19 4 17 23 211
19 4 23 32 383
19 4 29 33 1334
19 5 8 22 1094
19 5 10 23 1089
19 5 23 32 225
19 6 17 20 141
19 6 19 24 153
19 7 9 27 1143
19 7 18 26 392
19 8 16 16 1446
19 8 22 26 1283
19 8 29 40 1208
19 9 14 23 797
19 10 13 15 247
19 11 20 25 367
19 11 25 38 38
19 11 32 40 241
19 12 13 31 772
19 12 14 18 1034
19 12 15 27 1345
19 13 18 21 267
19 13 20 21 148
19 13 25 26 1249
19 13 26 31 1200
19 13 39 49 1332
19 14 14 24 798
19 14 15 30 274
19 14 16 26 123
19 14 33 40 371
19 14 34 46 1241
19 14 39 42 1250
19 15 17 30 762
19 15 22 23 242
19 15 25 31 32
19 17 17 21 293
19 17 20 25 1218
19 17 21 32 1107
19 17 24 37 1264
19 17 28 32 1140
19 18 27 28 1207
19 18 44 49 1229
19 19 24 31 1414
19 20 21 36 1197
19 20 33 41 214
19 21 28 43 970
19 22 23 49 206
19 22 26 31 1316
19 22 31 42 495
19 24 31 32 35
19 24 32 36 1323
19 24 34 35 1202
19 25 30 32 760
19 25 31 32 529
19 26 28 30 956
19 26 33 35 1287
19 27 29 32 255
19 27 33 35 621
19 28 30 32 1294
19 28 30 39 739
19 30 31 42 78
19 30 32 40 406
19 33 34 40 432
19 33 35 43 337
20 3 41 52 1480
20 4 15 18 326
20 4 15 22 271
20 4 25 49 67
20 5 6 16 173
20 5 18 22 234
20 5 21 21 275
20 5 21 26 283
20 7 18 24 1125
20 7 24 25 1475
20 8 17 35 1188
20 9 11 27 151
20 9 22 26 328
20 9 23 24 799
20 10 15 17 266
20 11 24 28 402
20 11 26 32 61
20 12 14 23 448
20 12 17 33 334
20 12 25 41 857
20 12 27 37 379
20 12 32 41 828
20 13 18 31 1198
20 13 30 31 1215
20 13 46 60 517
20 14 25 35 282
20 15 18 24 1360
20 15 24 38 935
20 16 41 44 25
20 17 18 30 491
20 17 20 26 353
20 17 25 25 1177
20 17 27 31 327
20 18 21 29 461
20 19 33 36 139
20 20 28 33 1209
20 20 30 35 1364
20 20 30 41 220
20 21 24 31 1326
20 21 30 46 216
20 21 43 43 1212
20 22 23 27 296
20 22 25 36 997
20 22 42 47 745
20 23 28 45 245
20 24 25 33 1372
20 24 37 38 465
20 24 49 52 362
20 25 26 30 1356
20 25 31 40 336
20 25 32 32 229
20 25 34 38 609
20 26 27 30 444
20 29 30 34 1211
20 30 44 47 598
20 32 36 38 236
20 32 42 44 1114
20 33 35 38 1150
20 34 42 46 922
20 35 39 39 223
21 3 38 45 1491
21 4 15 24 278
21 5 17 20 238
21 6 14 25 297
21 6 15 20 310
21 7 17 28 167
21 9 11 17 1457
21 9 13 18 512
21 10 11 25 309
21 10 11 29 43
21 10 15 18 287
21 10 15 18 975
21 10 22 26 1463
21 10 27 28 307
21 11 13 24 7
21 11 15 18 457
21 12 14 19 244
21 12 31 36 407
21 12 34 36 30
21 13 17 19 305
21 13 17 34 1170
21 14 16 17 306
21 14 21 25 389
21 14 31 42 1235
21 15 16 29 953
21 15 21 22 408
21 15 23 30 1149
21 16 18 21 272
21 16 18 24 260
21 16 18 28 265
21 16 20 20 1448
21 16 22 27 201
21 16 27 32 80
21 17 22 25 127
21 18 20 29 647
21 18 38 39 458
21 19 21 36 1189
21 19 25 25 65
21 19 27 31 951
21 20 20 31 656
21 20 32 33 831
21 22 37 43 1328
21 26 38 40 152
21 28 30 34 986
21 29 46 46 86
21 50 52 56 872
22 1 26 36 1116
22 1 27 37 1112
22 6 15 32 364
22 6 18 22 300
22 6 27 38 243
22 7 10 10 971
22 7 27 34 1144
22 8 17 35 788
22 9 9 12 1440
22 9 23 30 478
22 9 27 36 1064
22 10 10 16 500
22 10 15 29 346
22 10 16 23 443
22 10 18 19 508
22 10 19 35 42
22 10 25 36 926
22 11 13 17 302
22 11 14 24 290
22 11 18 18 301
22 11 23 25 390
22 11 29 29 393
22 11 32 34 1068
22 12 29 39 258
22 13 13 19 1410
22 13 19 28 1260
22 13 22 31 343
22 14 24 27 1041
22 15 18 27 54
22 15 35 36 932
22 16 22 23 851
22 16 36 39 1233
22 17 19 27 979
22 17 27 35 1203
22 17 30 41 1184
22 17 41 42 1226
22 18 19 32 796
22 18 23 26 1191
22 18 26 35 262
22 18 27 33 284
22 19 23 28 561
22 21 21 23 381
22 22 30 30 428
22 24 24 26 492
22 25 25 28 409
22 29 39 50 580
22 30 31 35 204
22 31 34 41 401
22 31 35 36 914
22 32 34 34 875
22 36 44 46 1288
22 38 40 45 929
22 43 45 46 339
23 3 4 22 322
23 3 6 21 329
23 4 6 18 312
23 4 13 14 315
23 4 14 15 462
23 5 22 38 993
23 6 16 23 1091
23 6 20 21 316
23 6 20 25 349
23 8 16 37 469
23 8 17 23 442
23 9 21 23 414
23 10 14 18 427
23 10 14 23 485
23 10 25 38 313
23 10 31 33 419
23 11 14 28 331
23 11 17 34 345
23 11 19 24 490
23 11 22 37 387
23 12 19 21 269
23 12 41 42 766
23 12 43 45 502
23 13 14 16 294
23 13 15 15 476
23 13 15 27 466
23 13 25 27 927
23 14 19 28 571
23 15 29 39 22
23 16 17 23 1179
23 16 18 20 1402
23 16 30 31 28
23 16 38 42 463
23 18 19 30 1284
23 18 23 27 654
23 18 31 33 501
23 18 32 45 321
23 19 21 32 39
23 19 22 32 1296
23 19 29 31 1494
23 21 27 31 1248
23 23 29 48 950
23 23 31 32 411
23 23 32 38 97
23 24 25 27 72
23 25 28 36 188
23 26 31 33 1498
23 29 31 41 1469
23 33 35 41 319
24 2 16 25 1280
24 2 19 21 1276
24 2 22 28 1012
24 4 13 17 475
24 5 23 35 985
24 6 7 11 992
24 6 9 16 983
24 7 20 20 808
24 8 25 26 425
24 10 18 27 325
24 10 28 31 304
24 10 33 38 1097
24 11 18 19 253
24 12 17 21 1009
24 13 32 32 440
24 14 22 23 486
24 15 17 25 1244
24 15 22 38 438
24 15 26 31 1099
24 15 27 30 481
24 16 17 23 1003
24 17 23 34 1262
24 18 19 21 256
24 18 23 27 1232
24 18 25 27 109
24 19 27 28 257
24 20 21 28 918
24 20 31 33 1086
24 20 33 35 1373
24 22 27 37 431
24 22 30 37 1397
24 22 31 38 433
24 24 28 31 447
24 24 36 38 235
24 27 31 37 366
24 28 36 38 1035
24 29 34 36 1122
24 40 44 52 634
25 2 20 27 1007
25 2 25 31 413
25 5 17 20 1492
25 6 32 32 251
25 9 16 23 536
25 9 22 26 543
25 10 25 30 397
25 10 27 28 1106
25 11 13 19 836
25 11 22 24 420
25 11 24 33 892
25 12 13 15 1015
25 12 13 20 566
25 12 17 27 361
25 12 25 31 218
25 12 27 30 382
25 13 15 37 1040
25 13 18 45 281
25 13 24 24 1030
25 14 16 27 484
25 15 16 18 535
25 18 22 32 1022
25 19 24 27 330
25 20 29 30 1038
25 21 22 26 324
25 21 24 31 567
25 21 25 26 429
26 2 23 29 417
26 5 19 21 1083
26 6 18 41 705
26 8 9 18 806
26 8 12 22 526
26 8 15 26 1055
26 10 30 31 873
26 13 39 39 439
26 15 17 26 441
26 16 20 26 848
26 17 18 21 1029
26 17 19 24 939
26 17 24 26 483
26 18 18 30 779
26 18 20 30 952
26 18 23 25 1014
26 18 37 40 166
26 19 28 36 455
26 21 22 31 1111
26 26 35 36 885
26 29 29 34 1407
26 30 37 47 1024
26 31 34 40 657
27 2 15 22 928
27 6 12 14 789
27 8 26 35 716
27 9 18 21 493
27 9 23 25 487
27 10 10 20 847
27 11 18 24 641
27 12 15 27 509
27 15 17 23 482
27 15 18 30 546
27 16 21 27 578
27 16 22 41 522
27 17 17 27 524
27 17 18 22 626
27 20 31 40 733
27 21 23 26 991
27 22 24 29 893
27 25 26 27 394
27 28 30 37 1164
28 1 17 21 933
28 4 6 21 533
28 8 8 12 957
28 9 12 30 557
28 9 19 22 837
28 12 25 28 519
28 13 13 20 816
28 15 25 25 984
28 16 24 33 853
28 18 34 37 552
28 19 20 21 488
28 22 31 32 303
28 23 26 30 891
28 25 26 28 771
29 4 10 20 538
29 9 25 28 563
29 13 21 35 947
29 14 28 31 505
29 14 30 32 280
29 15 34 35 636
29 16 20 26 568
29 16 26 30 888
29 26 29 34 845
29 26 32 37 1072
29 29 31 36 876
30 6 15 18 921
30 7 8 12 949
30 10 18 19 751
30 11 15 20 850
30 12 13 25 591
30 20 26 31 1079
30 29 39 40 846
31 6 6 21 778
31 6 8 9 934
31 9 15 42 764
31 11 15 22 874
31 12 14 16 917
31 12 21 22 870
31 12 22 25 908
31 13 14 21 670
31 15 28 41 931
31 15 30 46 317
31 20 23 24 496
32 11 18 23 907
32 11 19 21 887
32 11 22 23 809
32 16 32 33 618
32 21 24 29 554
32 21 33 34 545
33 3 14 18 577
33 11 21 25 642
33 11 23 28 904
33 13 14 19 996
33 13 19 30 525
33 22 23 28 810
33 24 26 32 549
34 1 12 13 780
34 3 9 18 588
34 7 7 14 558
34 7 12 12 534
34 8 9 12 576
34 10 10 15 518
35 1 13 13 776
35 2 26 33 730
35 2 26 36 724
35 15 16 19 599
35 17 20 29 817
35 22 27 28 645
36 5 6 7 584
36 6 8 14 606
36 12 17 25 583
36 23 29 31 746
37 7 9 16 616
38 3 19 27 651
38 14 14 20 612
39 3 25 30 663
39 13 13 24 777
39 16 16 16 757
40 11 13 17 639
41 7 16 19 753
42 5 13 14 693
43 15 16 19 742
44 6 8 10 678
44 18 25 25 675
45 14 17 27 736
45 14 24 25 696
45 16 18 20 727
46 13 20 21 717
46 18 19 22 721
47 8 17 27 658
47 10 12 20 652
48 8 9 11 669
48 9 22 24 672
48 12 18 22 732
51 10 15 19 692
